phase FPC1 FPC2 FPC3 FPC4 mean
-10.0 0.00493600000000001 -0.09374099999999999 1.013058 -0.08710799999999999 0.361378
-9.9 0.0046690000000000065 -0.09642600000000001 1.008211 -0.087982 0.3523160000000001
-9.8 0.004402000000000003 -0.099111 1.003365 -0.08885699999999999 0.343255
-9.7 0.004136000000000001 -0.10179599999999998 0.998519 -0.089732 0.33419299999999996
-9.6 0.0039050000000000057 -0.104045 0.99264 -0.09038 0.3251320000000001
-9.5 0.0036749999999999977 -0.106286 0.9867459999999999 -0.09102400000000001 0.31606999999999996
-9.4 0.0034440000000000026 -0.10852800000000001 0.980852 -0.09167 0.307009
-9.3 0.003248000000000001 -0.11034 0.973941 -0.09209099999999999 0.298756
-9.2 0.003053 -0.112138 0.966998 -0.092506 0.29055699999999995
-9.1 0.0028579999999999994 -0.113936 0.960056 -0.092921 0.28235699999999997
-9.0 0.002696999999999991 -0.115311 0.952113 -0.093118 0.274157
-8.9 0.0025389999999999996 -0.116666 0.9441219999999999 -0.093303 0.265957
-8.8 0.002380000000000007 -0.118021 0.936131 -0.09348800000000002 0.25775799999999993
-8.7 0.002255000000000007 -0.118959 0.9271560000000001 -0.093457 0.250316
-8.6 0.002132000000000009 -0.119871 0.918118 -0.093413 0.24297800000000003
-8.5 0.002009999999999998 -0.120782 0.909078 -0.093368 0.23564000000000002
-8.4 0.0019189999999999902 -0.12128400000000002 0.899071 -0.09311199999999999 0.22830300000000003
-8.3 0.0018320000000000003 -0.12175099999999998 0.8889849999999999 -0.092837 0.220966
-8.2 0.0017449999999999966 -0.122219 0.878898 -0.092562 0.21362799999999998
-8.1 0.001690999999999998 -0.122284 0.867858 -0.09208 0.20699599999999996
-8.0 0.0016400000000000026 -0.12230899999999999 0.856723 -0.091576 0.20052000000000003
-7.9 0.0015889999999999932 -0.12233300000000001 0.845588 -0.09107200000000001 0.194044
-7.8 0.001570000000000002 -0.121962 0.8335159999999999 -0.090362 0.187568
-7.7 0.0015550000000000008 -0.12154300000000001 0.821333 -0.089629 0.18109200000000003
-7.6 0.0015400000000000066 -0.12112400000000001 0.80915 -0.088894 0.17461700000000002
-7.5 0.0015560000000000018 -0.12031499999999999 0.796046 -0.08795900000000001 0.16879499999999997
-7.4 0.001577000000000002 -0.11945299999999999 0.782815 -0.086996 0.16318
-7.3 0.0015980000000000022 -0.118591 0.769585 -0.08603200000000001 0.15756699999999996
-7.2 0.0016490000000000046 -0.11734599999999999 0.755447 -0.08487 0.151953
-7.1 0.0017070000000000002 -0.11603999999999999 0.741168 -0.083676 0.14633999999999997
-7.0 0.0017640000000000017 -0.11473499999999999 0.72689 -0.082483 0.140727
-6.9 0.0018500000000000044 -0.113052 0.711721 -0.081095 0.135714
-6.8 0.0019430000000000003 -0.11130299999999999 0.696394 -0.07967199999999999 0.13096100000000005
-6.7 0.002036000000000003 -0.109555 0.6810670000000001 -0.07824900000000001 0.12621
-6.6 0.002158 -0.107435 0.664865 -0.07663400000000001 0.12145800000000001
-6.5 0.0022870000000000043 -0.105243 0.6484909999999999 -0.074982 0.116707
-6.4 0.0024150000000000005 -0.103051 0.632115 -0.073328 0.111954
-6.3 0.002572999999999999 -0.10049499999999999 0.6148819999999999 -0.071488 0.10773000000000002
-6.2 0.0027379999999999974 -0.09786000000000002 0.597459 -0.069605 0.10380699999999998
-6.1 0.002902000000000002 -0.095224 0.5800350000000001 -0.067723 0.09988299999999997
-6.0 0.0030820000000000014 -0.092359 0.562201 -0.065732 0.09596100000000002
-5.9 0.003264000000000003 -0.089436 0.5442659999999999 -0.063715 0.09203700000000001
-5.8 0.0034470000000000056 -0.086514 0.526331 -0.061697 0.088114
-5.7 0.003609000000000001 -0.08368 0.5090600000000001 -0.059763 0.08449199999999998
-5.6 0.0037659999999999985 -0.080868 0.491966 -0.057851 0.081092
-5.5 0.003922999999999996 -0.078057 0.474872 -0.055938 0.07768999999999998
-5.4 0.004057999999999999 -0.07534699999999998 0.458488 -0.054117 0.07429000000000002
-5.3 0.004186000000000002 -0.072669 0.442312 -0.05232300000000001 0.07089000000000001
-5.2 0.004313999999999998 -0.06999 0.42613599999999996 -0.050529 0.06749
-5.1 0.004421000000000001 -0.067412 0.41065700000000005 -0.048826 0.06432000000000002
-5.0 0.004520000000000003 -0.064867 0.395399 -0.047151 0.061367000000000005
-4.9 0.004621 -0.062320999999999994 0.380141 -0.045475 0.058414999999999995
-4.8 0.004698999999999995 -0.059872999999999996 0.365566 -0.043887999999999996 0.05546200000000001
-4.7 0.0047699999999999965 -0.057461000000000005 0.351226 -0.042332 0.052508999999999986
-4.6 0.004841999999999996 -0.055049 0.336886 -0.040775000000000006 0.049557000000000004
-4.5 0.0048920000000000005 -0.052733 0.32321500000000003 -0.039304 0.046808000000000016
-4.4 0.004934999999999998 -0.05045299999999999 0.309793 -0.037864999999999996 0.044302999999999995
-4.3 0.004976999999999999 -0.048172999999999994 0.296371 -0.036427 0.041799
-4.2 0.0049999999999999975 -0.04598699999999999 0.28360399999999997 -0.035074 0.03929300000000001
-4.1 0.005014000000000001 -0.043841000000000005 0.2711 -0.033754 0.036789
-4.0 0.005028999999999999 -0.041694 0.25859699999999997 -0.032434000000000004 0.034283999999999995
-3.9 0.005023 -0.03964 0.24673499999999998 -0.031198 0.031955
-3.8 0.0050089999999999996 -0.03762599999999999 0.235149 -0.029997000000000003 0.029898999999999995
-3.7 0.004994000000000002 -0.035611 0.223563 -0.028795 0.027842000000000006
-3.6 0.004961 -0.033687999999999996 0.212605 -0.027675 0.025785000000000002
-3.5 0.004918000000000002 -0.031808 0.201937 -0.026593000000000002 0.023728000000000006
-3.4 0.004875000000000001 -0.029926 0.19127 -0.02551 0.021670999999999996
-3.3 0.004813000000000001 -0.028134000000000006 0.18121500000000001 -0.024507 0.019763999999999997
-3.2 0.004742 -0.026386 0.171466 -0.023542999999999998 0.018153999999999997
-3.1 0.0046710000000000015 -0.024638 0.161716 -0.022579 0.016546000000000005
-3.0 0.004581000000000002 -0.022977000000000004 0.152565 -0.021692 0.014936999999999999
-2.9 0.004481000000000001 -0.021362 0.143735 -0.020847 0.013329
-2.8 0.0043809999999999995 -0.019746 0.134903 -0.020000999999999998 0.011719
-2.7 0.004263000000000001 -0.018216 0.126658 -0.019230999999999998 0.010232999999999999
-2.6 0.004133999999999999 -0.016734000000000002 0.11874399999999999 -0.018503999999999996 0.009072000000000004
-2.5 0.004005999999999999 -0.015252000000000002 0.110831 -0.017777999999999995 0.007910999999999998
-2.4 0.003859999999999999 -0.013852 0.103488 -0.017123999999999997 0.0067510000000000035
-2.3 0.0037029999999999997 -0.012503 0.096493 -0.016517 0.005589
-2.2 0.0035460000000000005 -0.011153 0.089498 -0.015908 0.004428000000000001
-2.1 0.003377 -0.009884 0.083036 -0.015361000000000001 0.0033490000000000013
-2.0 0.003198000000000001 -0.008666999999999998 0.076921 -0.014852999999999998 0.002575000000000001
-1.9 0.00302 -0.007448 0.070804 -0.014346000000000001 0.0017999999999999995
-1.8 0.0028580000000000003 -0.006302 0.065058 -0.013829999999999999 0.0010249999999999981
-1.7 0.0027069999999999993 -0.0052049999999999996 0.05956500000000001 -0.013306999999999998 0.00024999999999999675
-1.6 0.002555 -0.004107999999999999 0.054071999999999995 -0.012785000000000001 -0.0005239999999999984
-1.5 0.002424 -0.003079 0.048912 -0.012241 -0.0012590000000000014
-1.4 0.0023089999999999994 -0.0021010000000000004 0.043994 -0.011681 -0.0017750000000000005
-1.3 0.0021930000000000005 -0.0011219999999999997 0.039075 -0.011120999999999999 -0.0022900000000000004
-1.2 0.002099 -0.00021000000000000012 0.03448 -0.01054 -0.002803999999999999
-1.1 0.002019 0.0006490000000000003 0.030135000000000002 -0.009943 -0.003318999999999999
-1.0 0.0019400000000000003 0.00151 0.02579 -0.009345000000000001 -0.0038339999999999997
-0.9 0.0018800000000000006 0.002305 0.021759 -0.008726999999999999 -0.004325999999999999
-0.8 0.0018369999999999997 0.003045 0.017988 -0.008091999999999998 -0.004584
-0.7 0.0017939999999999998 0.003787 0.014218000000000001 -0.007456999999999999 -0.004843
-0.6 0.0017690000000000002 0.004464 0.010752 -0.006803 -0.005101999999999999
-0.5 0.001763 0.0050869999999999995 0.007554999999999999 -0.00613 -0.0053609999999999994
-0.4 0.0017560000000000002 0.00571 0.004357 -0.005457 -0.00562
-0.3 0.001767 0.0062699999999999995 0.0014570000000000004 -0.004766 -0.0058709999999999995
-0.2 0.0017959999999999999 0.0067740000000000005 -0.0011679999999999998 -0.004055 -0.005874
-0.1 0.001824 0.0072770000000000005 -0.003791 -0.0033450000000000003 -0.005876999999999999
0.0 0.001871 0.0077220000000000006 -0.006126 -0.0026160000000000003 -0.00588
0.1 0.001936 0.008107 -0.008176000000000001 -0.001868 -0.005883000000000001
0.2 0.002002 0.008492000000000001 -0.010226 -0.00112 -0.005885999999999999
0.3 0.002084 0.00882 -0.011996 -0.00035400000000000004 -0.005889999999999999
0.4 0.002185 0.009086 -0.013473 0.00043100000000000007 -0.005645000000000001
0.5 0.002286 0.009352000000000001 -0.014948 0.0012159999999999999 -0.005390999999999999
0.6 0.002405 0.009563 -0.016154 0.002019 -0.0051389999999999995
0.7 0.002542 0.00971 -0.017056 0.002842 -0.004886
0.8 0.002679 0.009857999999999999 -0.017959000000000003 0.003666 -0.004632999999999999
0.9 0.002833 0.009951 -0.018599 0.004505 -0.004379999999999999
1.0 0.003006 0.00998 -0.018928 0.005366 -0.003895000000000001
1.1 0.003179 0.010009 -0.019257 0.006227 -0.003386
1.2 0.0033680000000000003 0.009986 -0.019332000000000002 0.007104 -0.002877000000000001
1.3 0.0035769999999999995 0.009896 -0.019087 0.008002 -0.002368000000000002
1.4 0.003786 0.009805999999999999 -0.018842 0.008901 -0.0018590000000000013
1.5 0.004010999999999999 0.009666000000000001 -0.018352 0.009814 -0.0013510000000000015
1.6 0.004256 0.009458000000000001 -0.017533999999999998 0.01075 -0.0006250000000000006
1.7 0.004502000000000001 0.009248999999999999 -0.016714999999999997 0.011686 0.00014000000000000123
1.8 0.004761 0.008995 -0.015667 0.012638 0.000904000000000002
1.9 0.005042 0.008673 -0.014292 0.013615 0.0016679999999999993
2.0 0.0053230000000000005 0.008352 -0.012917000000000001 0.01459 0.002433000000000001
2.1 0.005607 0.008053000000000001 -0.011518999999999998 0.015616999999999999 0.0031979999999999995
2.2 0.0059 0.007788 -0.010083000000000002 0.016718999999999998 0.0041559999999999965
2.3 0.0061920000000000005 0.007521999999999999 -0.008648 0.01782 0.005166999999999998
2.4 0.006483 0.007308999999999998 -0.007283000000000001 0.018984 0.006178000000000003
2.5 0.006775000000000001 0.007181999999999999 -0.006032000000000001 0.020252 0.007190999999999996
2.6 0.007066000000000001 0.0070550000000000005 -0.0047810000000000005 0.02152 0.008202000000000001
2.7 0.007357000000000002 0.0069780000000000016 -0.0035980000000000022 0.022849 0.009212999999999999
2.8 0.0076489999999999995 0.00699 -0.002530000000000001 0.024284 0.010401
2.9 0.007939 0.007001 -0.001464 0.025719000000000002 0.011654999999999999
3.0 0.00823 0.007060999999999998 -0.0004620000000000006 0.027212 0.012909000000000004
3.1 0.00852 0.007211000000000002 0.00042000000000000023 0.028814 0.014162999999999995
3.2 0.008811000000000001 0.0073620000000000005 0.0013019999999999976 0.030415 0.015418000000000001
3.3 0.009100999999999998 0.007558000000000002 0.0021210000000000014 0.032073000000000004 0.016671000000000005
3.4 0.00939 0.007847 0.002818000000000001 0.033841 0.018087
3.5 0.009680999999999999 0.008135000000000003 0.0035160000000000018 0.035609 0.019584000000000004
3.6 0.00997 0.008468999999999997 0.0041540000000000014 0.037431 0.021082000000000004
3.7 0.010260000000000002 0.008896000000000001 0.004667000000000001 0.039366 0.022579000000000002
3.8 0.010549 0.009322000000000004 0.005180000000000001 0.041301 0.024076
3.9 0.010839000000000001 0.009793000000000003 0.005637 0.043287 0.025573
4.0 0.011126999999999998 0.010358 0.005964999999999998 0.045388000000000005 0.027217000000000005
4.1 0.011415999999999999 0.010924000000000003 0.006294000000000001 0.047490000000000004 0.02895700000000001
4.2 0.011706000000000001 0.011529999999999999 0.006569000000000002 0.04964 0.030697000000000002
4.3 0.011993 0.012235000000000003 0.006713 0.051908 0.032436999999999994
4.4 0.012282000000000001 0.012937999999999991 0.0068559999999999975 0.054177 0.034176
4.5 0.012570000000000001 0.013681000000000006 0.006949999999999998 0.056491 0.03591699999999999
4.6 0.012858000000000001 0.014523999999999995 0.006909000000000002 0.058927 0.03778899999999999
4.7 0.013147000000000002 0.015366999999999999 0.006869 0.061361 0.039771000000000015
4.8 0.013433999999999998 0.016246000000000003 0.006779999999999998 0.06384000000000001 0.041754
4.9 0.013720999999999997 0.017227999999999993 0.006555000000000002 0.066441 0.043736
5.0 0.014008999999999997 0.018210000000000004 0.006331 0.06904300000000001 0.04571800000000001
5.1 0.014297 0.019226000000000007 0.006059999999999999 0.071686 0.04770100000000001
5.2 0.014582999999999999 0.020346000000000003 0.005650000000000002 0.074454 0.049801
5.3 0.014870000000000001 0.021466 0.005240999999999999 0.077224 0.052027000000000004
5.4 0.015157000000000004 0.022618 0.004788000000000001 0.08003 0.05425199999999998
5.5 0.015443000000000005 0.023876999999999995 0.004194999999999997 0.082966 0.056478
5.6 0.01573 0.02513599999999999 0.003601 0.085901 0.058703000000000005
5.7 0.016015999999999996 0.026425000000000004 0.002966 0.08887199999999999 0.06092800000000001
5.8 0.016301999999999997 0.027822 0.002189 0.091975 0.06323300000000001
5.9 0.016588 0.029218999999999995 0.001409999999999998 0.095076 0.06564500000000001
6.0 0.016876000000000002 0.030622999999999997 0.0006049999999999979 0.098151 0.06805800000000001
6.1 0.017173 0.032050999999999996 -0.0002999999999999982 0.10111599999999998 0.07047199999999998
6.2 0.017471 0.033479999999999996 -0.0012070000000000032 0.10408200000000001 0.07288499999999998
6.3 0.017771999999999996 0.03488999999999999 -0.0021239999999999974 0.10695099999999999 0.075297
6.4 0.018093999999999992 0.03621200000000001 -0.003085000000000001 0.10939100000000002 0.07769599999999999
6.5 0.01841700000000001 0.037536000000000014 -0.0040459999999999975 0.11183200000000001 0.08007199999999998
6.6 0.018743999999999997 0.03884000000000001 -0.005017000000000001 0.114182 0.082448
6.7 0.019092999999999992 0.04005700000000001 -0.006031999999999999 0.11609599999999999 0.08482399999999998
6.8 0.019441000000000007 0.04127399999999999 -0.007047999999999999 0.118009 0.087199
6.9 0.019794 0.042474 -0.008072 0.119841 0.08957499999999999
7.0 0.02016699999999999 0.043584 -0.009142 0.121227 0.09193200000000001
7.1 0.020542000000000005 0.044694 -0.010212000000000002 0.122614 0.09424500000000002
7.2 0.020919999999999994 0.04578899999999998 -0.011290000000000001 0.12392600000000001 0.09655999999999998
7.3 0.021320000000000006 0.04679299999999999 -0.012415000000000002 0.12478600000000001 0.09887299999999999
7.4 0.021720000000000003 0.04779599999999999 -0.013538999999999999 0.125645 0.10118699999999997
7.5 0.022122999999999997 0.048784999999999995 -0.014670999999999997 0.126439 0.10350100000000001
7.6 0.022549000000000007 0.049682000000000004 -0.015850000000000003 0.126771 0.10579999999999998
7.7 0.02297400000000001 0.050579999999999986 -0.017029000000000002 0.127103 0.10805199999999998
7.8 0.023403999999999994 0.051465 -0.018215 0.12737700000000002 0.11030300000000001
7.9 0.023854 0.05225599999999998 -0.019448000000000003 0.127181 0.11255499999999999
8.0 0.024305999999999994 0.05304500000000001 -0.020682000000000002 0.12698700000000002 0.114808
8.1 0.024760000000000004 0.05382500000000001 -0.021920999999999996 0.126741 0.11706
8.2 0.025237999999999997 0.05451 -0.023209 0.12602 0.11929999999999996
8.3 0.025715000000000002 0.05519299999999999 -0.024497 0.12529800000000002 0.12148999999999999
8.4 0.02619500000000001 0.055868 -0.025789999999999997 0.12453299999999999 0.12368000000000001
8.5 0.026698 0.056444999999999995 -0.027133000000000004 0.12328399999999999 0.12586999999999998
8.6 0.02720099999999999 0.05702299999999999 -0.028475 0.12203499999999999 0.12806
8.7 0.02770600000000001 0.05759299999999998 -0.029822 0.12075199999999998 0.13024999999999998
8.8 0.028234999999999996 0.058064000000000004 -0.031219000000000004 0.118975 0.13243299999999997
8.9 0.028763999999999998 0.058535000000000004 -0.032617 0.11719900000000001 0.134561
9.0 0.029294 0.059 -0.034016000000000005 0.11539599999999998 0.13668999999999998
9.1 0.029849 0.059364 -0.035468 0.11309300000000001 0.138818
9.2 0.030404 0.059728 -0.036919999999999994 0.11079 0.14094599999999996
9.3 0.030959 0.060089000000000004 -0.038374 0.108467 0.14307400000000003
9.4 0.03154000000000001 0.06034600000000001 -0.03988 0.105636 0.145198
9.5 0.032121 0.06060399999999999 -0.041386000000000006 0.102806 0.14726500000000003
9.6 0.032700999999999994 0.06086 -0.042893 0.09996600000000001 0.14933200000000002
9.7 0.033308000000000004 0.06101099999999998 -0.044455 0.09660699999999998 0.151397
9.8 0.033915 0.061161999999999994 -0.046015 0.09325 0.153464
9.9 0.03452000000000001 0.06131199999999998 -0.047577 0.08989 0.15553000000000006
10.0 0.035136 0.061359000000000025 -0.049221 0.08612700000000001 0.157597
10.1 0.035751000000000005 0.061406000000000016 -0.050866 0.08236399999999999 0.15988899999999995
10.2 0.036364999999999995 0.06145300000000001 -0.052511 0.07860099999999999 0.16218100000000008
10.3 0.03693500000000001 0.06140300000000001 -0.054331000000000004 0.074815 0.16447399999999995
10.4 0.03750400000000001 0.06135299999999999 -0.056153 0.071029 0.16676599999999997
10.5 0.038072999999999996 0.061302999999999996 -0.057975 0.06724199999999998 0.16905800000000004
10.6 0.038593000000000016 0.06115699999999999 -0.059977 0.063465 0.17135000000000006
10.7 0.03911100000000001 0.06101099999999998 -0.061984 0.05968799999999999 0.17412600000000006
10.8 0.03963100000000001 0.060864 -0.063991 0.05591099999999999 0.17693100000000006
10.9 0.04010000000000001 0.06062399999999998 -0.066175 0.052142999999999995 0.17973700000000004
11.0 0.04056799999999999 0.06038099999999999 -0.068366 0.048375 0.18254400000000004
11.1 0.04103700000000002 0.060136999999999996 -0.070557 0.044606999999999994 0.18535000000000001
11.2 0.041457999999999995 0.059802999999999995 -0.07292399999999999 0.04084800000000001 0.188156
11.3 0.041874999999999996 0.059462000000000015 -0.0753 0.03708900000000001 0.191413
11.4 0.04229300000000001 0.05912200000000001 -0.07767600000000001 0.033331 0.194733
11.5 0.04266400000000001 0.058691999999999994 -0.080224 0.029579999999999995 0.19805299999999998
11.6 0.043032 0.058255 -0.082785 0.025830999999999993 0.20137299999999997
11.7 0.043399999999999994 0.05781900000000001 -0.08534599999999999 0.022081000000000017 0.20469300000000007
11.8 0.043720999999999996 0.05729300000000001 -0.088077 0.018339999999999995 0.208011
11.9 0.04403800000000001 0.05676099999999998 -0.09082299999999999 0.014600000000000002 0.21175099999999997
12.0 0.04435499999999999 0.056227 -0.093569 0.010859000000000008 0.21558500000000003
12.1 0.044627 0.05560699999999999 -0.09648200000000001 0.0071269999999999945 0.21941900000000003
12.2 0.044894 0.054976 -0.099412 0.0033949999999999814 0.22325099999999998
12.3 0.045160000000000006 0.054347000000000006 -0.102342 -0.00033600000000000296 0.2270850000000001
12.4 0.04538300000000001 0.05363200000000001 -0.105437 -0.004059000000000007 0.23091799999999996
12.5 0.045599 0.05290499999999998 -0.108553 -0.007780999999999982 0.23514099999999993
12.6 0.045814999999999995 0.052179 -0.111668 -0.011502999999999985 0.239487
12.7 0.045988000000000015 0.051368 -0.11494499999999999 -0.01521699999999998 0.24383500000000002
12.8 0.046152999999999986 0.05054500000000001 -0.11824499999999999 -0.018930000000000002 0.2481810000000001
12.9 0.04632 0.04972099999999999 -0.121546 -0.02264300000000001 0.252528
13.0 0.04644200000000001 0.048816 -0.125004 -0.02634700000000001 0.25687499999999996
13.1 0.046558000000000016 0.047896999999999995 -0.128489 -0.030051000000000008 0.26158000000000003
13.2 0.04667400000000001 0.04697700000000002 -0.131975 -0.03375499999999999 0.26644
13.3 0.04674700000000001 0.04597599999999999 -0.13561600000000001 -0.037451 0.271301
13.4 0.046812000000000006 0.04496 -0.139285 -0.041146 0.276161
13.5 0.04687799999999999 0.04394399999999998 -0.142956 -0.04483999999999999 0.281023
13.6 0.04690100000000001 0.042848 -0.146778 -0.04852699999999999 0.285883
13.7 0.046915999999999985 0.041734999999999994 -0.150633 -0.052212999999999996 0.291042
13.8 0.04693 0.04062299999999999 -0.15448800000000001 -0.05589800000000002 0.29637199999999997
13.9 0.046906 0.039430999999999994 -0.15845700000000001 -0.059553999999999996 0.30170299999999994
14.0 0.046872 0.038220000000000004 -0.162451 -0.063202 0.307033
14.1 0.04683899999999999 0.037010000000000015 -0.166447 -0.06685 0.31236299999999995
14.2 0.046779000000000015 0.035718 -0.170249 -0.070278 0.31769400000000003
14.3 0.04671299999999999 0.03440400000000002 -0.17400100000000002 -0.073649 0.32306499999999994
14.4 0.04664599999999999 0.03309000000000001 -0.177753 -0.07701899999999999 0.328468
14.5 0.04655799999999999 0.031694 -0.18124 -0.080125 0.3338690000000001
14.6 0.046464000000000005 0.030273999999999995 -0.184651 -0.08315600000000001 0.3392710000000001
14.7 0.046368999999999994 0.02885500000000002 -0.18806299999999998 -0.086188 0.3446739999999999
14.8 0.04625299999999999 0.02735599999999999 -0.191214 -0.088961 0.350075
14.9 0.04613000000000002 0.025830999999999993 -0.19428600000000001 -0.09165299999999998 0.355464
15.0 0.04600800000000001 0.024305999999999994 -0.197357 -0.094346 0.36083900000000013
15.1 0.04586299999999999 0.022703 -0.200173 -0.09678399999999998 0.36621499999999996
15.2 0.04571199999999999 0.02107300000000001 -0.202904 -0.099138 0.371591
15.3 0.04555999999999999 0.019443000000000016 -0.205633 -0.10149199999999999 0.37696700000000005
15.4 0.04538900000000001 0.017736000000000002 -0.208114 -0.10359700000000001 0.382343
15.5 0.04520900000000001 0.016000999999999987 -0.210505 -0.105611 0.38770700000000013
15.6 0.045027999999999985 0.014265 -0.212895 -0.107627 0.39305599999999996
15.7 0.044828999999999994 0.012453999999999993 -0.21504099999999998 -0.10939800000000001 0.39840600000000004
15.8 0.04461999999999999 0.010612999999999984 -0.21709 -0.11107299999999999 0.403756
15.9 0.04441199999999998 0.008773000000000003 -0.21914 -0.11275000000000002 0.40910500000000005
16.0 0.044185 0.006858000000000003 -0.22095 -0.11418700000000001 0.4144549999999999
16.1 0.043948000000000015 0.004912 -0.22266000000000002 -0.115524 0.41979500000000003
16.2 0.043712 0.0029659999999999964 -0.22436899999999999 -0.116862 0.4251180000000001
16.3 0.043455999999999995 0.0009470000000000034 -0.225844 -0.117965 0.4304410000000001
16.4 0.04319099999999998 -0.0011039999999999939 -0.227213 -0.11896199999999998 0.43576400000000015
16.5 0.04292599999999999 -0.003155999999999992 -0.228582 -0.11996100000000001 0.44108800000000004
16.6 0.04264100000000001 -0.005277000000000004 -0.22972099999999998 -0.12073099999999999 0.4464110000000001
16.7 0.042348 -0.007433999999999996 -0.230751 -0.12139000000000001 0.45172600000000007
16.8 0.04205500000000001 -0.00959199999999999 -0.231779 -0.12204899999999999 0.45702300000000007
16.9 0.041743 -0.011818000000000023 -0.232583 -0.122486 0.46232000000000006
17.0 0.04142100000000001 -0.014079000000000008 -0.233271 -0.12280600000000001 0.467618
17.1 0.0411 -0.016341999999999995 -0.23395899999999997 -0.123126 0.472915
17.2 0.04076099999999999 -0.018670999999999993 -0.234428 -0.123228 0.47821099999999994
17.3 0.04041 -0.021038 -0.234776 -0.12321 0.4835019999999999
17.4 0.040059999999999985 -0.023405999999999982 -0.235124 -0.12319 0.488773
17.5 0.039692000000000005 -0.025839 -0.235257 -0.122959 0.49404400000000004
17.6 0.039314000000000016 -0.028313000000000005 -0.235264 -0.122602 0.49931500000000006
17.7 0.038935 -0.03078499999999998 -0.235272 -0.12224399999999999 0.5045850000000001
17.8 0.03853999999999999 -0.03331999999999999 -0.235072 -0.121681 0.5098569999999999
17.9 0.038134 -0.03589499999999998 -0.234741 -0.120988 0.5151030000000001
18.0 0.03772700000000001 -0.038470000000000004 -0.23441 -0.120295 0.520253
18.1 0.037316000000000016 -0.040984999999999994 -0.233954 -0.11951300000000001 0.525405
18.2 0.03690199999999999 -0.04346 -0.233414 -0.118671 0.530556
18.3 0.03648799999999999 -0.045935000000000004 -0.232874 -0.11783099999999999 0.535707
18.4 0.036077 -0.04828100000000002 -0.232259 -0.11696999999999999 0.540859
18.5 0.03566799999999998 -0.050533999999999996 -0.23159000000000002 -0.116096 0.5459630000000001
18.6 0.035259999999999986 -0.052785000000000026 -0.23092200000000002 -0.11522299999999999 0.5508029999999999
18.7 0.034852999999999995 -0.05491099999999999 -0.23017900000000002 -0.11433099999999999 0.5556430000000001
18.8 0.03444900000000001 -0.05693999999999999 -0.22938199999999997 -0.113424 0.560483
18.9 0.03404599999999999 -0.05896799999999999 -0.228585 -0.11251900000000001 0.5653230000000001
19.0 0.03364500000000001 -0.060874 -0.227715 -0.111595 0.570163
19.1 0.033246 -0.06268000000000001 -0.22678900000000002 -0.110656 0.574973
19.2 0.03284699999999999 -0.064485 -0.225862 -0.10971800000000001 0.5794950000000001
19.3 0.03245100000000001 -0.06617100000000001 -0.224866 -0.108761 0.5840179999999999
19.4 0.032057 -0.06775400000000001 -0.223811 -0.10779 0.5885400000000001
19.5 0.031664 -0.06933600000000001 -0.22275499999999998 -0.10682 0.593063
19.6 0.031271999999999994 -0.070801 -0.221633 -0.10583200000000001 0.597585
19.7 0.030883999999999995 -0.07216000000000002 -0.22044800000000003 -0.10482799999999999 0.602097
19.8 0.030494999999999994 -0.07352 -0.21926299999999999 -0.103825 0.6063029999999999
19.9 0.030108999999999997 -0.07476500000000001 -0.218014 -0.10280500000000001 0.6105070000000001
20.0 0.029726000000000002 -0.07590100000000001 -0.2167 -0.10177 0.6147120000000001
20.1 0.02934199999999998 -0.077038 -0.215387 -0.10073399999999999 0.618917
20.2 0.028960999999999987 -0.078063 -0.214009 -0.099682 0.623122
20.3 0.028581999999999996 -0.078976 -0.212567 -0.09861400000000001 0.627327
20.4 0.028204000000000007 -0.07988800000000001 -0.211125 -0.097546 0.6312229999999999
20.5 0.02782699999999999 -0.080694 -0.209621 -0.096462 0.6351110000000001
20.6 0.02745399999999998 -0.08138299999999998 -0.20804899999999998 -0.095361 0.6389990000000001
20.7 0.02708000000000002 -0.082072 -0.206478 -0.09426 0.6428860000000001
20.8 0.02671000000000001 -0.08265800000000001 -0.20484799999999997 -0.09314499999999999 0.646773
20.9 0.026342000000000004 -0.083124 -0.20314700000000002 -0.092012 0.6506600000000001
21.0 0.025972999999999996 -0.08358900000000001 -0.201447 -0.090879 0.6542600000000001
21.1 0.02560699999999999 -0.083956 -0.199689 -0.089731 0.6578289999999999
21.2 0.025244000000000016 -0.08419900000000001 -0.19786 -0.08856699999999999 0.661399
21.3 0.024879999999999985 -0.084441 -0.19602999999999998 -0.08740099999999999 0.6649689999999999
21.4 0.024519000000000013 -0.08458700000000001 -0.194145 -0.08622200000000001 0.668539
21.5 0.024160000000000015 -0.084606 -0.192188 -0.08502299999999999 0.672109
21.6 0.02380300000000002 -0.08462499999999999 -0.19023 -0.08382600000000001 0.6754119999999999
21.7 0.023446999999999996 -0.08455199999999999 -0.188218 -0.082614 0.6786679999999999
21.8 0.023092999999999975 -0.084348 -0.186131 -0.08138400000000001 0.681924
21.9 0.022739999999999982 -0.08414400000000001 -0.18404399999999999 -0.080153 0.685181
22.0 0.022385000000000016 -0.08387999999999998 -0.18193399999999998 -0.078888 0.6884370000000001
22.1 0.022028999999999993 -0.083525 -0.179792 -0.07757100000000001 0.6916930000000001
22.2 0.021671999999999997 -0.08316899999999999 -0.177649 -0.076253 0.6947949999999999
22.3 0.021309999999999996 -0.0828 -0.175531 -0.074867 0.697857
22.4 0.020936999999999983 -0.08241100000000001 -0.173452 -0.07337300000000001 0.7009179999999999
22.5 0.020562999999999998 -0.08202000000000001 -0.171373 -0.07187800000000001 0.70398
22.6 0.02018399999999998 -0.08161800000000001 -0.169319 -0.070317 0.7070399999999999
22.7 0.019794000000000006 -0.081195 -0.16730499999999998 -0.068645 0.710102
22.8 0.019403000000000004 -0.08077200000000001 -0.165292 -0.066973 0.7130639999999999
22.9 0.019006999999999996 -0.08033799999999999 -0.163302 -0.06523600000000002 0.715989
23.0 0.018598999999999977 -0.079882 -0.161354 -0.063386 0.7189129999999999
23.1 0.018191999999999986 -0.079426 -0.159406 -0.061535000000000006 0.7218370000000001
23.2 0.01777899999999999 -0.078959 -0.15748 -0.059622999999999995 0.7247619999999999
23.3 0.01735500000000001 -0.07847 -0.15559800000000001 -0.05759499999999999 0.727687
23.4 0.016931 -0.077981 -0.15371600000000002 -0.05556599999999999 0.7305199999999998
23.5 0.016501000000000016 -0.077482 -0.151855 -0.053478999999999985 0.7333080000000001
23.6 0.01605999999999999 -0.076961 -0.15003899999999998 -0.05127200000000001 0.7360949999999999
23.7 0.01561800000000002 -0.07643900000000001 -0.148221 -0.049065 0.738883
23.8 0.015171999999999991 -0.075908 -0.146425 -0.046802999999999984 0.7416699999999998
23.9 0.014714000000000005 -0.075354 -0.144674 -0.044416999999999984 0.7444580000000001
24.0 0.01425499999999999 -0.07479899999999999 -0.14292300000000002 -0.042032000000000014 0.747163
24.1 0.013793 -0.074235 -0.141191 -0.03959399999999999 0.749814
24.2 0.013316999999999996 -0.07364899999999999 -0.139506 -0.03703100000000001 0.7524649999999999
24.3 0.01284200000000002 -0.07306099999999999 -0.137819 -0.034468 0.755115
24.4 0.012362000000000012 -0.072465 -0.13615300000000002 -0.03185400000000002 0.7577660000000002
24.5 0.011869999999999992 -0.07184499999999999 -0.13453199999999998 -0.029112 0.7604169999999999
24.6 0.011378 -0.071225 -0.132913 -0.026372000000000007 0.762993
24.7 0.010881000000000002 -0.07059599999999999 -0.13130999999999998 -0.023581999999999992 0.7655080000000001
24.8 0.010371999999999992 -0.06994399999999999 -0.129756 -0.020662000000000014 0.768022
24.9 0.009861999999999982 -0.069291 -0.128201 -0.01774300000000001 0.770535
25.0 0.009348000000000023 -0.068631 -0.126663 -0.014778999999999987 0.77305
25.1 0.008821999999999997 -0.067944 -0.125175 -0.011680999999999997 0.7755639999999999
25.2 0.008295999999999998 -0.067259 -0.12368599999999999 -0.008583000000000007 0.778011
25.3 0.007765999999999995 -0.066566 -0.122212 -0.005443000000000003 0.780389
25.4 0.007223000000000007 -0.065848 -0.12078900000000001 -0.0021670000000000023 0.7827659999999999
25.5 0.0066789999999999905 -0.06513000000000001 -0.119365 0.0011089999999999989 0.7851430000000001
25.6 0.0061319999999999986 -0.064404 -0.117957 0.004425000000000012 0.78752
25.7 0.005572999999999995 -0.063653 -0.11659900000000001 0.007878999999999997 0.789898
25.8 0.0050120000000000164 -0.062902 -0.115242 0.01133300000000001 0.792206
25.9 0.004450999999999983 -0.062146999999999994 -0.11389300000000001 0.014805999999999986 0.7944180000000001
26.0 0.0038829999999999976 -0.061376 -0.11257800000000001 0.01835400000000001 0.7966309999999999
26.1 0.0033160000000000134 -0.06060700000000001 -0.111264 0.021900000000000003 0.7988440000000001
26.2 0.0027539999999999787 -0.059845 -0.109941 0.025400000000000006 0.8010569999999997
26.3 0.0022179999999999978 -0.059112 -0.108582 0.02870299999999998 0.8032710000000001
26.4 0.00168299999999999 -0.05838 -0.107224 0.03200599999999998 0.805382
26.5 0.0011529999999999874 -0.057656 -0.105856 0.035257999999999984 0.8073180000000002
26.6 0.0006529999999999869 -0.056967000000000004 -0.10444300000000001 0.038277000000000005 0.8092550000000001
26.7 0.00015299999999998648 -0.05628 -0.103029 0.041296 0.8111900000000001
26.8 -0.0003399999999999792 -0.055598999999999996 -0.101607 0.044269 0.8131259999999998
26.9 -0.0008029999999999982 -0.054955000000000004 -0.10014 0.04700499999999999 0.815062
27.0 -0.0012670000000000181 -0.054311 -0.09867200000000001 0.049740000000000006 0.8169110000000002
27.1 -0.0017250000000000043 -0.053673 -0.097197 0.05243400000000001 0.8185580000000001
27.2 -0.0021529999999999883 -0.053072999999999995 -0.09567400000000001 0.05488500000000002 0.8202039999999999
27.3 -0.002579999999999999 -0.052473000000000006 -0.094152 0.057337 0.8218509999999999
27.4 -0.0030030000000000057 -0.051879 -0.092623 0.059751 0.8234979999999998
27.5 -0.0033949999999999814 -0.051324 -0.091046 0.061919 0.8251449999999998
27.6 -0.0037850000000000106 -0.050768 -0.08947 0.064087 0.8267209999999998
27.7 -0.004172999999999982 -0.050217 -0.08788699999999999 0.066223 0.828079
27.8 -0.004528000000000004 -0.049706 -0.086255 0.06810799999999997 0.8294360000000003
27.9 -0.0048829999999999985 -0.049194 -0.084625 0.069991 0.830794
28.0 -0.00523499999999999 -0.04868600000000001 -0.082988 0.07184700000000002 0.8321510000000001
28.1 -0.005554000000000003 -0.048219 -0.081302 0.07344800000000001 0.8335089999999998
28.2 -0.005872999999999989 -0.047752 -0.079617 0.07504899999999998 0.834814
28.3 -0.006189 -0.047288 -0.077926 0.07662600000000003 0.8358819999999998
28.4 -0.0064720000000000055 -0.046865000000000004 -0.076186 0.07794300000000001 0.8369509999999998
28.5 -0.006754999999999983 -0.046440999999999996 -0.074446 0.07925999999999997 0.8380180000000002
28.6 -0.0070350000000000135 -0.046021000000000006 -0.072702 0.08055699999999999 0.8390860000000002
28.7 -0.007282000000000011 -0.045640999999999994 -0.070908 0.08158999999999997 0.8401550000000002
28.8 -0.007529000000000008 -0.045262 -0.06911300000000001 0.082624 0.8411889999999997
28.9 -0.007773999999999975 -0.044886 -0.067316 0.083642 0.8419669999999999
29.0 -0.007984999999999992 -0.044551 -0.065467 0.08439200000000002 0.842746
29.1 -0.00819499999999998 -0.044215 -0.063617 0.085141 0.843526
29.2 -0.008403999999999995 -0.043880999999999996 -0.061766 0.08588099999999999 0.8443040000000002
29.3 -0.008579000000000003 -0.043591000000000005 -0.059862 0.08634699999999998 0.8450830000000003
29.4 -0.008752999999999983 -0.0433 -0.057958 0.08681300000000003 0.8458440000000003
29.5 -0.00892699999999999 -0.043009000000000006 -0.05605299999999999 0.08727200000000002 0.8463340000000001
29.6 -0.00906599999999999 -0.042763 -0.054095000000000004 0.08745500000000003 0.8468240000000002
29.7 -0.009204999999999991 -0.042515000000000004 -0.052137 0.08763699999999999 0.8473140000000001
29.8 -0.00934199999999999 -0.042268999999999994 -0.050178 0.08781700000000003 0.8478040000000002
29.9 -0.009448000000000012 -0.042063 -0.048172 0.087728 0.8482940000000001
30.0 -0.009553000000000006 -0.041858000000000006 -0.046166 0.08764000000000002 0.8487840000000002
30.1 -0.009659000000000001 -0.041652 -0.04416 0.08755099999999999 0.8491070000000001
30.2 -0.009765999999999997 -0.041451999999999996 -0.042179999999999995 0.087334 0.849432
30.3 -0.009873999999999994 -0.041253 -0.040201 0.087116 0.8497559999999997
30.4 -0.00998099999999999 -0.041052000000000005 -0.038221000000000005 0.0869 0.8500809999999999
30.5 -0.010103000000000001 -0.040848999999999996 -0.036291000000000004 0.08660099999999998 0.8504059999999998
30.6 -0.010224999999999984 -0.040644 -0.034363 0.08630099999999999 0.8507300000000002
30.7 -0.010345999999999994 -0.040438 -0.032433 0.086001 0.851016
30.8 -0.010481000000000018 -0.040228999999999994 -0.030553999999999998 0.085621 0.8513000000000002
30.9 -0.010616000000000014 -0.04002 -0.028676 0.08523899999999998 0.8515829999999998
31.0 -0.010750999999999983 -0.03980999999999999 -0.026797 0.08485600000000001 0.8518669999999999
31.1 -0.010898999999999992 -0.03959499999999999 -0.024967 0.084395 0.8521500000000002
31.2 -0.011048999999999976 -0.039381000000000006 -0.02314 0.083929 0.8524339999999997
31.3 -0.011197999999999986 -0.039166000000000006 -0.021311999999999998 0.08346300000000001 0.8526809999999998
31.4 -0.011360000000000009 -0.038945999999999995 -0.019532 0.08292000000000002 0.8529230000000001
31.5 -0.011522000000000004 -0.038726 -0.017755 0.082373 0.853165
31.6 -0.011685000000000001 -0.038507 -0.015978 0.08182400000000001 0.8534079999999999
31.7 -0.01186000000000001 -0.038283 -0.014249 0.08119900000000002 0.8536499999999998
31.8 -0.012035999999999991 -0.038057999999999995 -0.012522 0.080568 0.8538920000000001
31.9 -0.012213999999999975 -0.037833000000000006 -0.010796 0.07993799999999998 0.854101
32.0 -0.012401999999999996 -0.037604 -0.009116 0.079231 0.854303
32.1 -0.012591999999999992 -0.037374000000000004 -0.0074399999999999996 0.078517 0.8545050000000003
32.2 -0.012781999999999988 -0.03714400000000001 -0.005765 0.07780299999999998 0.8547050000000003
32.3 -0.012984999999999997 -0.03691 -0.0041340000000000005 0.077016 0.8549069999999999
32.4 -0.013189000000000006 -0.036674 -0.0025100000000000005 0.07622000000000001 0.8551090000000001
32.5 -0.013392999999999988 -0.03644 -0.0008850000000000004 0.07542299999999999 0.8552790000000001
32.6 -0.01360900000000001 -0.03620100000000001 0.0006949999999999994 0.074555 0.8554389999999998
32.7 -0.013827000000000006 -0.03596100000000001 0.0022700000000000003 0.07367499999999999 0.8555999999999999
32.8 -0.014044000000000001 -0.035721 0.003844 0.07279600000000001 0.8557600000000001
32.9 -0.014274000000000009 -0.03547700000000001 0.0053750000000000004 0.071846 0.85592
33.0 -0.01450499999999999 -0.035232 0.006899000000000001 0.070883 0.8560809999999999
33.1 -0.014737 -0.034987000000000004 0.008421 0.069921 0.8562120000000002
33.2 -0.014979999999999993 -0.034738000000000005 0.009902 0.06888899999999999 0.8563319999999999
33.3 -0.015224999999999989 -0.034488000000000005 0.011375 0.067844 0.8564509999999999
33.4 -0.015470000000000012 -0.034239000000000006 0.012848 0.06679900000000001 0.856571
33.5 -0.01572700000000002 -0.033984 0.014279 0.06568600000000001 0.8566889999999998
33.6 -0.015985 -0.033728999999999995 0.015701 0.064558 0.8568090000000002
33.7 -0.01624399999999998 -0.03347399999999999 0.017122 0.06343000000000001 0.8569040000000001
33.8 -0.016515000000000002 -0.03321500000000001 0.018504 0.062236 0.8569869999999999
33.9 -0.016787999999999997 -0.032954999999999984 0.019875 0.061026 0.8570700000000002
34.0 -0.017059999999999992 -0.03269499999999999 0.021247000000000002 0.05981600000000001 0.857153
34.1 -0.01733499999999999 -0.032442 0.022586000000000002 0.05861400000000001 0.8572349999999997
34.2 -0.017611000000000016 -0.032188999999999995 0.023918000000000002 0.057414999999999994 0.857318
34.3 -0.017885999999999985 -0.03193599999999999 0.02525 0.056216 0.8574009999999999
34.4 -0.018157000000000006 -0.03169499999999999 0.026558000000000002 0.055082000000000006 0.8574849999999998
34.5 -0.018427 -0.031459000000000015 0.027858 0.053966 0.857569
34.6 -0.01869699999999999 -0.031222 0.029158000000000003 0.05285 0.8576530000000002
34.7 -0.018963000000000008 -0.03099700000000001 0.030434999999999997 0.051797 0.857737
34.8 -0.019228999999999996 -0.030777 0.031704 0.050764 0.857821
34.9 -0.01949300000000001 -0.030556 0.032973 0.049731000000000004 0.85791
35.0 -0.019753999999999994 -0.030348 0.03422 0.048761000000000006 0.8580040000000002
35.1 -0.020014000000000004 -0.030144000000000004 0.035458 0.047810000000000005 0.858099
35.2 -0.020273000000000013 -0.029938999999999993 0.036696 0.04686 0.8581939999999999
35.3 -0.02052799999999999 -0.029746999999999996 0.03791 0.04597099999999999 0.8582889999999999
35.4 -0.020782999999999996 -0.029560000000000017 0.039118 0.045104000000000005 0.8583830000000001
35.5 -0.021036 -0.029371999999999995 0.040324 0.04423799999999999 0.8584830000000001
35.6 -0.021286 -0.029195000000000013 0.041509 0.043429999999999996 0.858589
35.7 -0.021535 -0.029022999999999993 0.042684 0.042647000000000004 0.8586940000000001
35.8 -0.021783999999999998 -0.02885199999999999 0.043859999999999996 0.041863 0.8587999999999998
35.9 -0.02202900000000002 -0.028690999999999994 0.045013 0.041138 0.8589050000000003
36.0 -0.022271999999999986 -0.028535999999999992 0.046158 0.040436 0.859011
36.1 -0.022515000000000007 -0.02837999999999999 0.047302 0.039735 0.859119
36.2 -0.022754999999999997 -0.02823500000000001 0.048424999999999996 0.039092 0.8592360000000001
36.3 -0.022993000000000013 -0.028095999999999996 0.049538 0.038475 0.859353
36.4 -0.02323 -0.02795700000000001 0.050651 0.037857 0.859469
36.5 -0.023465000000000014 -0.027828999999999993 0.051743 0.037295 0.8595849999999998
36.6 -0.023696999999999996 -0.027705999999999995 0.052825 0.03676 0.8597020000000002
36.7 -0.02392999999999998 -0.027581999999999995 0.053907 0.036225 0.859821
36.8 -0.024159000000000014 -0.02747000000000001 0.054968 0.035746 0.8599479999999999
36.9 -0.02438599999999999 -0.027363 0.056019 0.035294 0.8600749999999997
37.0 -0.024613999999999997 -0.02725699999999999 0.057069 0.034841 0.8602020000000001
37.1 -0.024836999999999998 -0.02715999999999999 0.0581 0.034444 0.86033
37.2 -0.025058999999999998 -0.027069999999999997 0.059119000000000005 0.034075 0.8604559999999999
37.3 -0.025279999999999997 -0.026978000000000002 0.060139 0.033707 0.8605859999999999
37.4 -0.025498999999999994 -0.02689799999999999 0.061139 0.033391000000000004 0.860725
37.5 -0.025714999999999988 -0.026824 0.062127 0.033104 0.860862
37.6 -0.02593200000000001 -0.026749999999999996 0.063116 0.032819 0.8609999999999998
37.7 -0.026145 -0.026685 0.064085 0.032584 0.8611369999999998
37.8 -0.02635600000000002 -0.026626999999999984 0.065041 0.032382 0.8612759999999999
37.9 -0.026566000000000006 -0.02656900000000001 0.065998 0.032179 0.8614069999999998
38.0 -0.026774999999999993 -0.026512000000000008 0.066936 0.032009 0.8615200000000003
38.1 -0.026979000000000003 -0.02645699999999998 0.067861 0.03186 0.861632
38.2 -0.027185000000000015 -0.02640200000000001 0.068786 0.031713000000000005 0.8617429999999997
38.3 -0.027386999999999995 -0.026332999999999995 0.069692 0.03156200000000001 0.861855
38.4 -0.027587 -0.026254 0.070583 0.031409999999999993 0.8619669999999999
38.5 -0.027786000000000005 -0.026176000000000005 0.071474 0.031258 0.8620630000000002
38.6 -0.027982000000000007 -0.026081999999999994 0.07234600000000001 0.031103000000000006 0.862074
38.7 -0.028176000000000007 -0.025979000000000002 0.073204 0.030945000000000007 0.8620829999999997
38.8 -0.028369000000000005 -0.02587600000000001 0.074061 0.030787000000000002 0.8620930000000002
38.9 -0.028560000000000002 -0.025758999999999976 0.074901 0.030625999999999994 0.862104
39.0 -0.028746999999999995 -0.025631000000000015 0.075725 0.030463000000000004 0.8621130000000001
39.1 -0.028935000000000016 -0.025502999999999998 0.076548 0.030299 0.8621150000000002
39.2 -0.029120000000000007 -0.025361999999999996 0.077355 0.030133 0.86202
39.3 -0.029302000000000022 -0.02520900000000001 0.07814499999999999 0.029963000000000004 0.8619259999999997
39.4 -0.02948300000000001 -0.025056999999999996 0.078935 0.029793 0.8618319999999999
39.5 -0.029662999999999995 -0.024892000000000025 0.079707 0.02962200000000001 0.8617380000000001
39.6 -0.029838000000000003 -0.024715000000000015 0.08046400000000001 0.029447 0.8616449999999998
39.7 -0.030014999999999986 -0.024537000000000003 0.081221 0.029271000000000005 0.8615469999999998
39.8 -0.03018699999999999 -0.02434800000000001 0.08196 0.029093999999999995 0.8613489999999997
39.9 -0.030358000000000024 -0.024147000000000002 0.082683 0.028912999999999994 0.8611510000000002
40.0 -0.030528 -0.023943999999999993 0.08340600000000001 0.028732000000000008 0.8609530000000001
40.1 -0.030695 -0.023731000000000002 0.084111 0.02854799999999999 0.8607550000000002
40.2 -0.030858999999999998 -0.023504999999999998 0.08480099999999999 0.028360999999999997 0.860557
40.3 -0.031022999999999995 -0.023277999999999993 0.08549 0.028176000000000007 0.8603590000000001
40.4 -0.031185000000000018 -0.023040000000000005 0.08616299999999999 0.02798600000000001 0.8600589999999999
40.5 -0.03134199999999998 -0.022789000000000004 0.08681900000000001 0.027792999999999998 0.8597580000000002
40.6 -0.031501 -0.022539000000000003 0.087474 0.027601 0.859456
40.7 -0.03165600000000002 -0.02227699999999999 0.088114 0.027405999999999986 0.8591530000000003
40.8 -0.031809000000000004 -0.022000999999999993 0.08873600000000001 0.027207999999999996 0.858851
40.9 -0.03196199999999999 -0.021726999999999996 0.08935799999999999 0.027010000000000006 0.8585490000000002
41.0 -0.032111 -0.021439999999999987 0.089964 0.026808999999999986 0.8581529999999999
41.1 -0.03225800000000001 -0.02114000000000002 0.090552 0.02660599999999999 0.8577459999999999
41.2 -0.032404000000000016 -0.020841 0.091141 0.026402999999999996 0.85734
41.3 -0.03254800000000002 -0.02052899999999999 0.09171399999999999 0.02619600000000001 0.8569340000000001
41.4 -0.032687999999999995 -0.020205 0.09226899999999999 0.02598600000000001 0.8565280000000002
41.5 -0.03283 -0.01988000000000001 0.092823 0.025777000000000008 0.8561209999999999
41.6 -0.032966999999999996 -0.019546000000000008 0.093363 0.025565000000000004 0.855629
41.7 -0.03310199999999999 -0.01919599999999999 0.093884 0.025349999999999998 0.855121
41.8 -0.03323699999999999 -0.018848000000000004 0.094405 0.02513399999999999 0.8546139999999998
41.9 -0.03336900000000001 -0.018491000000000007 0.094915 0.024914999999999993 0.854106
42.0 -0.033498 -0.018123 0.09540799999999999 0.02468999999999999 0.8535989999999998
42.1 -0.03362599999999999 -0.017755999999999994 0.09590199999999999 0.024463999999999986 0.8530899999999999
42.2 -0.033752000000000004 -0.01739300000000002 0.09639700000000001 0.024227 0.8525670000000001
42.3 -0.033874000000000015 -0.017035999999999996 0.096896 0.023970999999999992 0.8520400000000001
42.4 -0.033995 -0.01668 0.097394 0.023713999999999985 0.8515130000000002
42.5 -0.034114000000000005 -0.016328999999999982 0.09789800000000001 0.02344500000000002 0.8509859999999998
42.6 -0.03422800000000001 -0.015989000000000003 0.098407 0.02315500000000001 0.8504589999999999
42.7 -0.03434200000000001 -0.015647999999999995 0.098916 0.022863999999999995 0.8499319999999999
42.8 -0.03445400000000001 -0.015312999999999993 0.09942899999999999 0.022560999999999998 0.8494190000000001
42.9 -0.03456100000000001 -0.014989000000000002 0.099949 0.02223699999999998 0.848913
43.0 -0.034667 -0.014662999999999982 0.100469 0.021911999999999987 0.8484070000000001
43.1 -0.034772 -0.014344999999999997 0.100992 0.02157500000000001 0.8479000000000001
43.2 -0.03487100000000001 -0.014034999999999992 0.101523 0.021216000000000013 0.847394
43.3 -0.034971 -0.01372699999999999 0.102053 0.020856999999999987 0.8468870000000002
43.4 -0.03506899999999999 -0.01342199999999999 0.10258700000000001 0.020486999999999977 0.8463940000000001
43.5 -0.035161 -0.013129000000000002 0.103128 0.020094 0.8459080000000001
43.6 -0.03525300000000001 -0.012834999999999985 0.10366800000000001 0.019699999999999995 0.845421
43.7 -0.035342999999999986 -0.012548000000000004 0.104212 0.019296000000000008 0.8449360000000001
43.8 -0.03542799999999999 -0.012270000000000003 0.104763 0.018868999999999997 0.8444499999999997
43.9 -0.03551299999999999 -0.011993000000000004 0.10531399999999999 0.018441000000000013 0.8439640000000002
44.0 -0.03559599999999999 -0.01171999999999998 0.105869 0.01800299999999999 0.8434909999999998
44.1 -0.035673999999999984 -0.011457999999999996 0.10643 0.017541 0.8430250000000004
44.2 -0.035752000000000006 -0.011197000000000012 0.106992 0.017080000000000012 0.8425600000000002
44.3 -0.035827 -0.010939000000000004 0.107556 0.016607999999999984 0.8420939999999999
44.4 -0.035897999999999985 -0.01069299999999998 0.108128 0.016111999999999987 0.8416289999999997
44.5 -0.035968 -0.010447000000000012 0.10869899999999999 0.015616000000000019 0.8411630000000003
44.6 -0.036036999999999986 -0.010205999999999993 0.10927400000000001 0.015110999999999986 0.8407089999999999
44.7 -0.03609900000000002 -0.009975000000000012 0.10985700000000001 0.01458000000000001 0.8402639999999999
44.8 -0.036162 -0.009746000000000005 0.110439 0.014050000000000007 0.8398189999999999
44.9 -0.036224000000000006 -0.009519 0.111025 0.013511000000000023 0.8393739999999998
45.0 -0.03628000000000001 -0.009305000000000008 0.111617 0.012946000000000013 0.8389289999999998
45.1 -0.03633600000000001 -0.009090999999999988 0.11221 0.012381999999999976 0.8384840000000002
45.2 -0.036390000000000006 -0.008879999999999999 0.11280499999999999 0.011809000000000014 0.8380490000000003
45.3 -0.036438 -0.008681000000000022 0.11340900000000001 0.011209999999999998 0.8376250000000001
45.4 -0.03648699999999999 -0.00848299999999999 0.114011 0.010610999999999982 0.8372000000000002
45.5 -0.03653400000000001 -0.008288000000000018 0.114617 0.010003999999999985 0.836776
45.6 -0.036574999999999996 -0.008105000000000001 0.115231 0.00937200000000002 0.8363519999999998
45.7 -0.03661600000000001 -0.007922000000000012 0.115845 0.008737999999999996 0.8359270000000003
45.8 -0.036655999999999994 -0.007743 0.11646000000000001 0.008098999999999995 0.8354810000000001
45.9 -0.036691 -0.007574999999999998 0.11708 0.007434999999999997 0.8350050000000002
46.0 -0.03672399999999998 -0.007406999999999997 0.1177 0.006770999999999999 0.8345289999999999
46.1 -0.036757999999999985 -0.0072409999999999974 0.118309 0.006113000000000007 0.8340529999999999
46.2 -0.036785999999999985 -0.007079000000000002 0.118869 0.005479000000000012 0.833577
46.3 -0.03681300000000001 -0.0069160000000000055 0.11942799999999999 0.004844999999999988 0.8331010000000001
46.4 -0.03684000000000001 -0.00675400000000001 0.119973 0.0042200000000000015 0.8324980000000002
46.5 -0.03686300000000001 -0.006591999999999987 0.120445 0.0036400000000000043 0.8316759999999999
46.6 -0.036885 -0.006431999999999993 0.120918 0.003058000000000005 0.830854
46.7 -0.036906999999999995 -0.006269999999999998 0.12137600000000001 0.002487000000000017 0.8300320000000001
46.8 -0.03692300000000001 -0.006110000000000004 0.121762 0.0019589999999999885 0.8292099999999998
46.9 -0.03694 -0.005950000000000011 0.122149 0.0014320000000000166 0.8283869999999998
47.0 -0.03695600000000002 -0.00578999999999999 0.122521 0.0009129999999999971 0.8274500000000002
47.1 -0.036968 -0.005631999999999998 0.12282 0.00043999999999999595 0.8262490000000002
47.2 -0.03697900000000001 -0.005473000000000006 0.123119 -3.300000000000525e-05 0.8250479999999998
47.3 -0.036988999999999994 -0.005313999999999985 0.123406 -0.0005000000000000004 0.8238469999999998
47.4 -0.036994 -0.005156999999999995 0.123617 -0.0009200000000000041 0.8226460000000002
47.5 -0.037000000000000005 -0.0050000000000000044 0.12383 -0.00133999999999998 0.8214460000000003
47.6 -0.03700500000000001 -0.004841999999999985 0.124031 -0.0017529999999999768 0.8201530000000004
47.7 -0.03700500000000001 -0.004685999999999996 0.124156 -0.002118999999999982 0.8185740000000004
47.8 -0.03700500000000001 -0.004529000000000005 0.12428 -0.0024869999999999892 0.8169940000000002
47.9 -0.03700500000000001 -0.004373000000000016 0.124396 -0.0028469999999999884 0.8154139999999996
48.0 -0.036998 -0.0042179999999999995 0.12443499999999999 -0.003159999999999996 0.8138349999999996
48.1 -0.036993 -0.004062999999999983 0.124472 -0.003473000000000004 0.812255
48.2 -0.03698700000000002 -0.003908000000000023 0.124503 -0.0037810000000000066 0.8106070000000001
48.3 -0.03697600000000001 -0.0037529999999999786 0.124454 -0.004040000000000016 0.808649
48.4 -0.036964 -0.003599999999999992 0.124404 -0.004298999999999997 0.8066909999999998
48.5 -0.036953000000000014 -0.0034460000000000046 0.124348 -0.0045550000000000035 0.8047330000000001
48.6 -0.036937 -0.0032929999999999904 0.12421199999999999 -0.0047599999999999865 0.8027759999999997
48.7 -0.03691899999999998 -0.003140000000000004 0.12407599999999999 -0.004965999999999998 0.800818
48.8 -0.03690199999999999 -0.0029869999999999897 0.123935 -0.005168000000000006 0.7988140000000001
48.9 -0.036879999999999996 -0.002836000000000005 0.123712 -0.005320000000000019 0.7964760000000002
49.0 -0.036857 -0.002684999999999993 0.12348799999999999 -0.005473000000000006 0.7941400000000001
49.1 -0.03683500000000001 -0.0025330000000000075 0.123261 -0.005621999999999988 0.791804
49.2 -0.036806000000000005 -0.0023829999999999962 0.122952 -0.005721000000000004 0.7894669999999997
49.3 -0.036779000000000006 -0.0022320000000000118 0.122641 -0.005818999999999991 0.787131
49.4 -0.036751000000000006 -0.0020820000000000005 0.122329 -0.005917000000000006 0.7847710000000001
49.5 -0.036717 -0.001932000000000017 0.12193200000000001 -0.005960999999999994 0.782057
49.6 -0.03668300000000002 -0.0017840000000000078 0.121534 -0.006006000000000011 0.7793410000000001
49.7 -0.03664899999999999 -0.0016339999999999966 0.121136 -0.006051000000000001 0.7766259999999998
49.8 -0.036610000000000004 -0.0014869999999999883 0.12065200000000001 -0.006041999999999992 0.773911
49.9 -0.03657199999999999 -0.0013390000000000069 0.120168 -0.006034000000000012 0.7711959999999998
50.0 -0.03653200000000001 -0.0011909999999999976 0.119684 -0.006025000000000003 0.7684799999999998
