phase FPC1 FPC2 FPC3 FPC4 mean
-10.0 0.049062 -0.097193 0.08547699999999997 0.106571 0.17701299999999998
-9.9 0.04881100000000001 -0.09693200000000002 0.084542 0.10884799999999997 0.16930900000000004
-9.8 0.04856100000000001 -0.09667 0.08360699999999999 0.11112400000000003 0.16160600000000003
-9.7 0.04831100000000001 -0.09640899999999998 0.08267200000000002 0.1134 0.15390199999999998
-9.6 0.048038 -0.09595899999999999 0.08178199999999997 0.115337 0.14619900000000008
-9.5 0.04776599999999999 -0.09550499999999999 0.08089299999999999 0.11727000000000001 0.13849599999999995
-9.4 0.047492 -0.095051 0.08000399999999996 0.119201 0.13079299999999994
-9.3 0.047198000000000004 -0.09441 0.079158 0.12080100000000002 0.12428700000000004
-9.2 0.046902 -0.093764 0.078314 0.12238899999999997 0.117861
-9.1 0.046605999999999995 -0.09311599999999999 0.07747100000000001 0.123977 0.11143400000000003
-9.0 0.046289 -0.092285 0.07667100000000004 0.12523499999999999 0.10500599999999993
-8.9 0.045971 -0.09144500000000001 0.075872 0.12647999999999998 0.09857899999999997
-8.8 0.045653 -0.090606 0.07507400000000003 0.127724 0.0921519999999999
-8.7 0.045313000000000006 -0.08958500000000001 0.07431900000000002 0.128645 0.08684599999999998
-8.6 0.044972 -0.08855199999999999 0.073567 0.129544 0.08169499999999996
-8.5 0.044632000000000005 -0.08751899999999999 0.07281399999999999 0.13044399999999998 0.07654500000000009
-8.4 0.04426899999999999 -0.08630800000000001 0.07210299999999997 0.131025 0.07139400000000007
-8.3 0.043906 -0.085081 0.07139699999999999 0.131581 0.06624399999999997
-8.2 0.043542 -0.08385600000000001 0.07068999999999998 0.13213799999999998 0.06109299999999995
-8.1 0.043159 -0.082454 0.070025 0.132379 0.05698599999999998
-8.0 0.042772 -0.08103600000000001 0.06936400000000004 0.13259100000000001 0.05311200000000005
-7.9 0.04238599999999999 -0.07961700000000001 0.06870199999999999 0.132803 0.04923600000000006
-7.8 0.04198 -0.078026 0.06808199999999998 0.13270700000000002 0.04536200000000001
-7.7 0.041571000000000004 -0.07641400000000001 0.06746600000000003 0.132574 0.041488000000000025
-7.6 0.041163000000000005 -0.07480200000000001 0.06685000000000002 0.132442 0.03761300000000001
-7.5 0.040733 -0.07301999999999999 0.066276 0.13200599999999998 0.03470599999999996
-7.4 0.040302000000000004 -0.07121600000000002 0.06570499999999996 0.131529 0.032107
-7.3 0.03987 -0.069411 0.06513600000000003 0.13105299999999998 0.029509000000000007
-7.2 0.039419 -0.06744000000000001 0.064604 0.130278 0.026911000000000018
-7.1 0.038965 -0.06544199999999999 0.06408000000000003 0.12945800000000002 0.024312999999999974
-7.0 0.038512000000000005 -0.06344399999999999 0.063556 0.128637 0.02171500000000004
-6.9 0.038037 -0.06128199999999999 0.06307099999999999 0.127523 0.020006999999999997
-6.8 0.037561000000000004 -0.059091000000000005 0.06259200000000004 0.126359 0.018684000000000034
-6.7 0.037084000000000006 -0.05690099999999999 0.06211300000000003 0.12519399999999997 0.017362999999999962
-6.6 0.036588 -0.054549000000000014 0.06167299999999998 0.123742 0.016041000000000027
-6.5 0.036088999999999996 -0.05216499999999999 0.06123999999999996 0.12223200000000001 0.014719000000000038
-6.4 0.035588999999999996 -0.04978199999999999 0.060807 0.120724 0.013396999999999992
-6.3 0.035071000000000005 -0.04723999999999999 0.06041099999999999 0.118933 0.012817999999999996
-6.2 0.03455 -0.04466300000000001 0.06002400000000002 0.11708 0.012664999999999982
-6.1 0.034027 -0.042087 0.059636999999999996 0.115226 0.012510999999999994
-6.0 0.033488000000000004 -0.039455000000000004 0.05925299999999997 0.113171 0.012358000000000036
-5.9 0.032945 -0.036808999999999995 0.05887199999999998 0.111066 0.012203999999999993
-5.8 0.032402 -0.034163 0.058488999999999985 0.10896299999999999 0.012050999999999978
-5.7 0.031844000000000004 -0.031711 0.05803100000000003 0.106846 0.012002999999999986
-5.6 0.031283 -0.029308999999999988 0.05755300000000002 0.10472500000000001 0.01203499999999999
-5.5 0.030723 -0.026907 0.057075000000000015 0.102605 0.012064999999999992
-5.4 0.030147999999999998 -0.024707999999999994 0.056517999999999985 0.100483 0.012096000000000023
-5.3 0.02957 -0.022568000000000005 0.05593699999999999 0.09835999999999999 0.012126999999999999
-5.2 0.028990999999999996 -0.020427999999999995 0.05535599999999999 0.096237 0.012159000000000003
-5.1 0.028399 -0.018485999999999995 0.054699 0.094112 0.012160000000000004
-5.0 0.027803 -0.016607999999999998 0.05401599999999998 0.09198600000000001 0.012135000000000007
-4.9 0.027208000000000003 -0.014728999999999999 0.05333400000000002 0.08986100000000001 0.012109999999999982
-4.8 0.026597999999999997 -0.013046000000000002 0.05257499999999998 0.08773299999999999 0.012085000000000012
-4.7 0.025984999999999998 -0.011430000000000003 0.051790999999999976 0.085604 0.012057999999999985
-4.6 0.025370999999999998 -0.009813000000000002 0.051005999999999996 0.08347600000000001 0.012033000000000016
-4.5 0.024745000000000003 -0.008386999999999999 0.050148 0.081346 0.01198200000000002
-4.4 0.024114999999999998 -0.007031999999999997 0.049261 0.07921600000000001 0.011899999999999994
-4.3 0.023482999999999997 -0.0056769999999999946 0.048374 0.077085 0.011817999999999995
-4.2 0.02284 -0.004508999999999999 0.047415 0.074952 0.01173500000000001
-4.1 0.022191000000000002 -0.0034170000000000034 0.04642700000000001 0.07281800000000001 0.01165300000000001
-4.0 0.021544 -0.0023229999999999987 0.04543799999999999 0.070685 0.011570999999999998
-3.9 0.020883 -0.0014129999999999976 0.04437899999999999 0.068549 0.011466000000000004
-3.8 0.020217 -0.0005819999999999992 0.04328800000000001 0.066413 0.011328000000000005
-3.7 0.019551 0.0002500000000000002 0.042198 0.064277 0.011189000000000004
-3.6 0.018873 0.000903000000000001 0.041037000000000004 0.062139 0.011050000000000004
-3.5 0.01819 0.001472000000000001 0.039845000000000005 0.06 0.010911000000000004
-3.4 0.017506 0.002042000000000002 0.038652000000000006 0.057860999999999996 0.010772999999999991
-3.3 0.016812 0.0024360000000000007 0.037390999999999994 0.05572 0.010615
-3.2 0.01611 0.0027440000000000034 0.036096 0.053579 0.010417999999999997
-3.1 0.01541 0.003051999999999999 0.034802 0.051437 0.010223000000000003
-3.0 0.014698000000000001 0.0031889999999999974 0.033438999999999997 0.049295000000000005 0.010027000000000001
-2.9 0.01398 0.0032350000000000018 0.032043 0.04715 0.009832
-2.8 0.013260999999999998 0.003280999999999999 0.030646 0.045006000000000004 0.009635999999999999
-2.7 0.012532000000000001 0.0031599999999999996 0.029185000000000003 0.042860999999999996 0.009425999999999997
-2.6 0.011795999999999997 0.0029449999999999997 0.027685999999999995 0.040714 0.009173
-2.5 0.01106 0.002728999999999999 0.026186999999999995 0.038567000000000004 0.008919999999999997
-2.4 0.010313 0.0023500000000000014 0.024624 0.036418 0.008669000000000003
-2.3 0.009559999999999999 0.0018729999999999997 0.023023000000000002 0.034268 0.008416
-2.2 0.008806999999999999 0.0013960000000000014 0.021422999999999998 0.032119 0.008163
-2.1 0.008054 0.0007880000000000005 0.019778999999999998 0.029981 0.007907
-2.0 0.007298000000000001 9.500000000000133e-05 0.01811 0.027849000000000002 0.007634999999999999
-1.9 0.006544 -0.0005959999999999993 0.016439000000000002 0.025718 0.007363
-1.8 0.005851 -0.0012349999999999983 0.014854000000000003 0.023676000000000003 0.007091
-1.7 0.005202 -0.001837 0.013326000000000005 0.021696 0.006818999999999999
-1.6 0.0045520000000000005 -0.002439 0.011798999999999997 0.019716 0.006547000000000001
-1.5 0.003974 -0.0029530000000000008 0.010379000000000003 0.017839 0.0062829999999999995
-1.4 0.0034509999999999996 -0.0034040000000000008 0.009037 0.016037 0.0060669999999999995
-1.3 0.002926 -0.003854 0.0076960000000000015 0.014235000000000001 0.005851
-1.2 0.0024730000000000004 -0.00422 0.0064579999999999985 0.012533 0.005635
-1.1 0.0020729999999999998 -0.004520000000000001 0.005301 0.010909 0.005419
-1.0 0.0016750000000000003 -0.0048189999999999995 0.004145000000000001 0.009285999999999999 0.005202
-0.9 0.0013440000000000006 -0.005036 0.0030900000000000007 0.007759 0.004992
-0.8 0.0010709999999999995 -0.005185 0.002118 0.006314 0.004834
-0.7 0.0007979999999999997 -0.005333999999999999 0.0011479999999999997 0.004868 0.004677000000000001
-0.6 0.0005909999999999999 -0.0054020000000000006 0.0002749999999999992 0.003517 0.004518
-0.5 0.00044399999999999995 -0.0054 -0.000511000000000001 0.002249 0.004361
-0.4 0.00029600000000000026 -0.005397 -0.0012969999999999995 0.000982 0.004203
-0.3 0.00021400000000000021 -0.005316 -0.001987 -0.000194 0.0040479999999999995
-0.2 0.0001919999999999999 -0.005163 -0.002588 -0.001283 0.003948
-0.1 0.00016899999999999988 -0.0050100000000000006 -0.003188 -0.002373 0.003848
0.0 0.00020899999999999998 -0.004781 -0.0036960000000000005 -0.003373 0.003749
0.1 0.0003129999999999999 -0.004476 -0.004111 -0.004284 0.003649
0.2 0.0004159999999999999 -0.004171 -0.004526 -0.005195 0.00355
0.3 0.0005809999999999999 -0.003793 -0.004850999999999999 -0.00602 0.00345
0.4 0.00081 -0.0033369999999999997 -0.0050810000000000004 -0.0067540000000000005 0.003407
0.5 0.0010379999999999999 -0.002882 -0.00531 -0.007487 0.003367
0.6 0.0013270000000000003 -0.0023550000000000003 -0.005453 -0.008137 0.0033250000000000003
0.7 0.001682 -0.001748 -0.005497 -0.008692 0.0032840000000000005
0.8 0.0020359999999999996 -0.001142 -0.005542 -0.009247 0.0032430000000000002
0.9 0.002448 -0.00046600000000000027 -0.005501000000000001 -0.009721 0.003202
1.0 0.002928 0.000291 -0.005361 -0.010098 0.003214
1.1 0.003408 0.001049 -0.00522 -0.010475000000000002 0.0032309999999999995
1.2 0.0039440000000000005 0.0018739999999999998 -0.004997 -0.010773 0.003247999999999999
1.3 0.004548999999999999 0.002782 -0.004671 -0.010971999999999999 0.003266
1.4 0.005154 0.003691 -0.004345 -0.011171 0.0032829999999999995
1.5 0.005813 0.004664 -0.003939 -0.011294000000000002 0.0033009999999999984
1.6 0.006544 0.005724 -0.003428 -0.011316 0.003373000000000001
1.7 0.007276 0.006782999999999999 -0.0029170000000000003 -0.011335999999999999 0.0034549999999999997
1.8 0.008057 0.007906 -0.002332 -0.011284 0.003538000000000003
1.9 0.008912 0.009116 -0.001641 -0.011126 0.0036190000000000007
2.0 0.009767000000000001 0.010326 -0.0009510000000000005 -0.010968999999999998 0.0037009999999999994
2.1 0.010646 0.011597 -0.0002630000000000002 -0.010733 0.003783999999999999
2.2 0.011563 0.012958 0.00042299999999999977 -0.01038 0.004078999999999996
2.3 0.012481 0.014317999999999999 0.0011090000000000006 -0.010028 0.0044319999999999984
2.4 0.013411 0.015735 0.0017580000000000009 -0.009598 0.0047850000000000045
2.5 0.014361 0.017245 0.0023479999999999994 -0.009042999999999999 0.005138999999999998
2.6 0.015311 0.018755 0.0029379999999999996 -0.008487999999999999 0.005492000000000004
2.7 0.016273000000000003 0.020319 0.003493999999999999 -0.007858 0.005844999999999996
2.8 0.017256999999999998 0.021979 0.0039889999999999995 -0.007100000000000002 0.0064680000000000015
2.9 0.018239 0.023637 0.004484 -0.006342 0.007191999999999997
3.0 0.019233999999999998 0.025348 0.004945 -0.0055130000000000005 0.007918000000000001
3.1 0.02025 0.027156 0.005345000000000001 -0.0045520000000000005 0.008642999999999998
3.2 0.021267 0.028964999999999998 0.005743999999999999 -0.003590999999999997 0.009368000000000001
3.3 0.022293 0.030823 0.006111 -0.002561999999999995 0.010092000000000004
3.4 0.023342 0.032781 0.0064150000000000006 -0.0013979999999999965 0.011064000000000004
3.5 0.024391 0.034737000000000004 0.00672 -0.0002349999999999991 0.012161000000000005
3.6 0.02545 0.036744 0.006993000000000003 0.0009940000000000018 0.013258000000000006
3.7 0.026532 0.03885 0.007202 0.002360000000000001 0.014354999999999993
3.8 0.027614 0.040956 0.00741 0.003726999999999994 0.015451999999999994
3.9 0.028706000000000002 0.043109 0.0075899999999999995 0.005155999999999994 0.016548000000000007
4.0 0.02982 0.045364 0.007702999999999998 0.006724000000000001 0.017869999999999997
4.1 0.030934999999999997 0.04762 0.007817000000000001 0.008294000000000003 0.019338000000000008
4.2 0.032060000000000005 0.049919 0.007902000000000003 0.009922 0.020806999999999992
4.3 0.033206 0.052324 0.00792 0.011693000000000002 0.022275000000000003
4.4 0.034354 0.05472799999999999 0.007937 0.013466000000000006 0.023743
4.5 0.03551 0.057174 0.007928999999999999 0.015293000000000001 0.025212
4.6 0.036691 0.05972899999999999 0.007851 0.017269 0.02688199999999999
4.7 0.037872 0.062282 0.007774 0.019242999999999996 0.02872200000000001
4.8 0.039061 0.064876 0.007671999999999998 0.021270000000000004 0.030562000000000006
4.9 0.040274 0.06758 0.007499000000000002 0.023447999999999997 0.032401
5.0 0.041488 0.070283 0.007325999999999999 0.025625000000000002 0.03424100000000001
5.1 0.042709 0.073023 0.007130000000000001 0.027853000000000003 0.036081
5.2 0.043955 0.075876 0.006860999999999999 0.03023300000000001 0.038100999999999996
5.3 0.045201 0.078728 0.006592999999999998 0.03261399999999999 0.040313000000000015
5.4 0.046455 0.081615 0.006302000000000002 0.035041 0.04252399999999998
5.5 0.047733000000000005 0.084616 0.005939 0.037624000000000005 0.044736
5.6 0.049013 0.087619 0.005575 0.04020700000000001 0.04694699999999999
5.7 0.050298999999999996 0.090653 0.00519 0.042834 0.04916000000000001
5.8 0.051611 0.093803 0.004731999999999997 0.045619999999999994 0.05151700000000001
5.9 0.052923 0.096954 0.004271999999999998 0.04840499999999999 0.05407100000000001
6.0 0.054235 0.100087 0.0037879999999999997 0.051151 0.05662600000000001
6.1 0.055547 0.10315099999999999 0.003204000000000002 0.053738999999999995 0.059180999999999984
6.2 0.056859 0.106216 0.002619 0.056328 0.061735999999999985
6.3 0.058163 0.109209 0.0020040000000000023 0.05878499999999999 0.06428999999999999
6.4 0.059432 0.111885 0.0012549999999999992 0.06066100000000002 0.06692899999999999
6.5 0.06070300000000001 0.11456100000000001 0.0005070000000000005 0.06253900000000001 0.06971299999999997
6.6 0.061964 0.11717000000000001 -0.0002699999999999994 0.064294 0.072496
6.7 0.063192 0.119456 -0.001181999999999999 0.06545799999999999 0.07527999999999999
6.8 0.06442 0.12174199999999999 -0.0020939999999999986 0.066621 0.078064
6.9 0.06564 0.12396700000000001 -0.0030329999999999975 0.06767400000000001 0.080848
7.0 0.066824 0.125863 -0.0041090000000000015 0.06812299999999999 0.08369700000000002
7.1 0.06801 0.12775899999999998 -0.005186000000000003 0.06857300000000001 0.08669600000000002
7.2 0.069189 0.129599 -0.006284999999999999 0.06892200000000001 0.08969699999999997
7.3 0.07033 0.131105 -0.0075260000000000014 0.06865800000000001 0.09269599999999997
7.4 0.07147300000000001 0.13261 -0.008766 0.06839300000000001 0.09569599999999998
7.5 0.07261 0.134066 -0.010026999999999998 0.06803999999999999 0.098696
7.6 0.07371000000000001 0.135181 -0.011433000000000002 0.067062 0.10174799999999998
7.7 0.07481 0.136297 -0.012837000000000001 0.066083 0.10496399999999997
7.8 0.075905 0.137369 -0.014259999999999998 0.065026 0.10818
7.9 0.076962 0.138094 -0.015829 0.06333399999999997 0.111396
8.0 0.07802 0.138818 -0.017397 0.061643 0.11461299999999999
8.1 0.079073 0.139506 -0.018982 0.05988199999999999 0.11782899999999996
8.2 0.080088 0.139841 -0.020714999999999997 0.05747699999999997 0.12108399999999997
8.3 0.081103 0.140176 -0.022448 0.05507100000000001 0.12451600000000002
8.4 0.08211500000000001 0.140479 -0.024193999999999997 0.05260799999999999 0.127948
8.5 0.083088 0.140424 -0.026091000000000003 0.049487999999999976 0.13138
8.6 0.084059 0.140368 -0.027988 0.046368999999999994 0.134812
8.7 0.08502900000000001 0.140287 -0.029894999999999998 0.04320299999999999 0.13824499999999995
8.8 0.08596 0.139842 -0.031957 0.03936899999999999 0.141704
8.9 0.08689 0.139397 -0.034018 0.03553600000000001 0.14535199999999998
9.0 0.087817 0.138932 -0.03608599999999999 0.031666 0.149001
9.1 0.08870499999999999 0.138096 -0.038312 0.027119000000000004 0.15264899999999998
9.2 0.089593 0.13725900000000002 -0.040537000000000004 0.02257200000000001 0.156298
9.3 0.090478 0.13641 -0.042768 0.017998999999999987 0.159945
9.4 0.091324 0.135184 -0.045157 0.012738 0.163607
9.5 0.092169 0.133958 -0.047546000000000005 0.007475999999999983 0.167472
9.6 0.093013 0.13272499999999998 -0.049939 0.0022020000000000095 0.17133700000000002
9.7 0.09381600000000001 0.13110899999999998 -0.052492 -0.0037739999999999996 0.175201
9.8 0.094619 0.129492 -0.055045 -0.009749000000000008 0.17906499999999997
9.9 0.095421 0.127874 -0.057599000000000004 -0.01572599999999999 0.18293000000000004
10.0 0.096186 0.12590800000000002 -0.060223000000000006 -0.022132999999999986 0.186795
10.1 0.09695200000000001 0.12394100000000001 -0.062847 -0.02854100000000001 0.19105899999999998
10.2 0.097717 0.12197500000000001 -0.065472 -0.03494800000000001 0.19532300000000008
10.3 0.09846 0.119787 -0.067877 -0.040907 0.199588
10.4 0.099203 0.11759599999999999 -0.07028 -0.046861000000000014 0.20385199999999992
10.5 0.09994600000000001 0.115405 -0.072683 -0.052816 0.20811600000000002
10.6 0.10066900000000001 0.113005 -0.074846 -0.058256 0.21238
10.7 0.10139100000000001 0.11060199999999999 -0.077003 -0.06368300000000002 0.21719200000000005
10.8 0.10211400000000001 0.10819699999999999 -0.07916 -0.06911 0.222038
10.9 0.102816 0.10558699999999999 -0.08108 -0.07403000000000001 0.226885
11.0 0.103518 0.10296899999999999 -0.08299 -0.07893 0.23173300000000002
11.1 0.10422000000000001 0.100351 -0.084901 -0.08382900000000001 0.23658
11.2 0.104902 0.097531 -0.08657899999999999 -0.08822999999999998 0.24142599999999997
11.3 0.105583 0.094698 -0.088244 -0.09260200000000002 0.24678500000000003
11.4 0.10626400000000001 0.091866 -0.089908 -0.096974 0.252214
11.5 0.106925 0.088835 -0.09134400000000001 -0.100855 0.257644
11.6 0.107585 0.08579 -0.092762 -0.10469999999999999 0.26307299999999995
11.7 0.108246 0.08274399999999998 -0.094181 -0.108544 0.26850300000000005
11.8 0.10888699999999998 0.07950200000000002 -0.095375 -0.11190599999999998 0.273931
11.9 0.109527 0.07624399999999998 -0.096547 -0.11522299999999999 0.27983699999999995
12.0 0.11016599999999999 0.072984 -0.097719 -0.11853999999999998 0.285849
12.1 0.110788 0.06953199999999998 -0.09867100000000001 -0.12138300000000002 0.291861
12.2 0.111406 0.066058 -0.099596 -0.12417200000000003 0.29787299999999994
12.3 0.11202500000000001 0.062585 -0.100522 -0.12696200000000002 0.303885
12.4 0.112626 0.058923 -0.101231 -0.129284 0.309896
12.5 0.11322399999999999 0.05523599999999998 -0.101912 -0.13154599999999997 0.31634999999999996
12.6 0.11382099999999999 0.05154900000000001 -0.102592 -0.13380799999999998 0.322944
12.7 0.114401 0.047675999999999996 -0.103058 -0.13561099999999998 0.32953899999999997
12.8 0.114978 0.04377500000000001 -0.103492 -0.13734600000000002 0.33613300000000007
12.9 0.115556 0.03987399999999999 -0.103926 -0.13908000000000004 0.342727
13.0 0.11611500000000001 0.035790000000000016 -0.10414999999999999 -0.14036400000000002 0.34932199999999997
13.1 0.11667300000000001 0.03167599999999998 -0.104338 -0.141571 0.356322
13.2 0.11722900000000001 0.027562000000000003 -0.104526 -0.14277799999999996 0.36349899999999996
13.3 0.11776800000000001 0.023266999999999982 -0.104508 -0.143542 0.37067600000000006
13.4 0.11830399999999999 0.01893900000000001 -0.10445000000000002 -0.144221 0.37785199999999997
13.5 0.11884 0.014610999999999985 -0.10439200000000001 -0.144901 0.38503000000000004
13.6 0.119359 0.010106000000000004 -0.10413 -0.145146 0.392207
13.7 0.11987399999999998 0.005564000000000013 -0.103826 -0.14529799999999998 0.399743
13.8 0.120389 0.0010219999999999951 -0.103522 -0.14545000000000002 0.407485
13.9 0.120882 -0.0036629999999999996 -0.103022 -0.145204 0.41522699999999996
14.0 0.121368 -0.008382 -0.10247500000000001 -0.14486300000000002 0.42296800000000007
14.1 0.12185599999999999 -0.013101000000000002 -0.10192899999999999 -0.14452199999999998 0.43071
14.2 0.12227000000000002 -0.017705 -0.101216 -0.14403 0.438452
14.3 0.122665 -0.022280999999999995 -0.100459 -0.14349800000000001 0.44642699999999996
14.4 0.123059 -0.02685599999999999 -0.099703 -0.14296599999999998 0.454574
14.5 0.12337 -0.031256000000000006 -0.09878899999999999 -0.142345 0.4627200000000001
14.6 0.123657 -0.035608 -0.097831 -0.141698 0.47086800000000006
14.7 0.123944 -0.039958999999999995 -0.096873 -0.141052 0.47901499999999997
14.8 0.124149 -0.04413800000000001 -0.09576 -0.140318 0.48716100000000007
14.9 0.12432800000000002 -0.048265 -0.094601 -0.13955599999999999 0.4954970000000001
15.0 0.124507 -0.052391999999999994 -0.093441 -0.13879399999999997 0.504009
15.1 0.124605 -0.05635000000000001 -0.09213 -0.13794599999999999 0.5125219999999999
15.2 0.12467599999999998 -0.06025299999999997 -0.09076899999999999 -0.13707 0.521035
15.3 0.124746 -0.06415499999999999 -0.089406 -0.13619399999999998 0.5295480000000001
15.4 0.12473800000000002 -0.06789200000000001 -0.087897 -0.13523200000000002 0.538061
15.5 0.1247 -0.07157000000000002 -0.086334 -0.134241 0.5467390000000001
15.6 0.124663 -0.07524800000000001 -0.08477 -0.13324999999999998 0.555618
15.7 0.12454799999999999 -0.078765 -0.083063 -0.13217600000000002 0.564496
15.8 0.124402 -0.08221900000000001 -0.08129700000000001 -0.131069 0.573374
15.9 0.12425699999999998 -0.085671 -0.079532 -0.129963 0.5822530000000001
16.0 0.124036 -0.08896699999999999 -0.077625 -0.128776 0.591131
16.1 0.12378200000000002 -0.092197 -0.075658 -0.12755499999999997 0.6001540000000001
16.2 0.123528 -0.09542500000000004 -0.073692 -0.126333 0.6093980000000001
16.3 0.12320099999999999 -0.0985 -0.071586 -0.12503199999999998 0.6186420000000001
16.4 0.12283899999999999 -0.10150499999999998 -0.06941699999999999 -0.123696 0.627886
16.5 0.12247699999999999 -0.10451000000000002 -0.067249 -0.12236 0.637131
16.6 0.12204200000000001 -0.10736300000000001 -0.06494499999999999 -0.12094600000000001 0.646375
16.7 0.12157199999999999 -0.11014399999999999 -0.06257499999999999 -0.119494 0.655742
16.8 0.12110299999999999 -0.112924 -0.060204999999999995 -0.11804299999999998 0.665352
16.9 0.120562 -0.11555699999999999 -0.057700999999999995 -0.11651700000000001 0.6749620000000001
17.0 0.11998400000000001 -0.118112 -0.055130000000000005 -0.114951 0.6845729999999999
17.1 0.119406 -0.12066900000000003 -0.052557999999999994 -0.113384 0.6941829999999999
17.2 0.118759 -0.12308 -0.049855 -0.11174400000000001 0.7037929999999999
17.3 0.118072 -0.125411 -0.047082000000000006 -0.110063 0.7135029999999999
17.4 0.11738599999999999 -0.12774399999999997 -0.044308999999999994 -0.108382 0.723479
17.5 0.11663200000000001 -0.129934 -0.041408 -0.106629 0.733455
17.6 0.115838 -0.132042 -0.038432 -0.104833 0.7434310000000001
17.7 0.11504400000000001 -0.134149 -0.035458 -0.10303699999999999 0.753407
17.8 0.11418500000000001 -0.136118 -0.03236 -0.101172 0.7633829999999999
17.9 0.11328300000000001 -0.13800199999999999 -0.029186000000000004 -0.09926399999999999 0.7733850000000001
18.0 0.11238200000000001 -0.13988500000000004 -0.026012999999999994 -0.097356 0.78348
18.1 0.11145200000000001 -0.141641 -0.022828 -0.095475 0.793576
18.2 0.11050199999999999 -0.143313 -0.019637 -0.093612 0.8036719999999999
18.3 0.109552 -0.14498399999999997 -0.016446000000000002 -0.09175 0.813768
18.4 0.10859500000000001 -0.146537 -0.01331099999999999 -0.08997 0.823864
18.5 0.10763199999999999 -0.14800500000000003 -0.010215000000000002 -0.08825 0.833902
18.6 0.106669 -0.149473 -0.007120000000000001 -0.08653 0.843613
18.7 0.105699 -0.15082500000000001 -0.004077999999999998 -0.084892 0.8533240000000001
18.8 0.104724 -0.152088 -0.0010779999999999956 -0.083315 0.863036
18.9 0.103749 -0.15335200000000002 0.0019219999999999932 -0.081739 0.872747
19.0 0.102767 -0.154503 0.004869999999999999 -0.080241 0.882458
19.1 0.101778 -0.155564 0.00777499999999999 -0.078807 0.8921319999999999
19.2 0.10078999999999999 -0.15662400000000004 0.01068100000000001 -0.077373 0.9014420000000001
19.3 0.09979500000000001 -0.15757400000000002 0.013534999999999991 -0.076016 0.910754
19.4 0.09879399999999999 -0.158431 0.016343999999999997 -0.074724 0.9200640000000001
19.5 0.09779399999999999 -0.159287 0.01915499999999999 -0.073434 0.929374
19.6 0.096786 -0.160037 0.021914000000000003 -0.072218 0.938685
19.7 0.09577199999999998 -0.16068899999999997 0.024628999999999998 -0.071069 0.947983
19.8 0.094759 -0.161342 0.027343999999999993 -0.06992100000000001 0.9568929999999999
19.9 0.093739 -0.161891 0.030009999999999995 -0.068846 0.9658030000000001
20.0 0.09271300000000002 -0.162339 0.032630000000000006 -0.06784200000000001 0.9747120000000001
20.1 0.09168599999999999 -0.16278900000000002 0.035249 -0.06683599999999999 0.983623
20.2 0.090654 -0.163136 0.03782199999999998 -0.065901 0.992532
20.3 0.089615 -0.16338200000000003 0.04034600000000001 -0.065039 1.0014429999999999
20.4 0.088576 -0.16362700000000002 0.04286999999999999 -0.064178 1.0099639999999999
20.5 0.087531 -0.16377399999999998 0.045349000000000014 -0.063384 1.0184730000000002
20.6 0.08647899999999999 -0.163815 0.047778 -0.062665 1.026983
20.7 0.08542700000000002 -0.163856 0.05020699999999999 -0.061945 1.035492
20.8 0.08437 -0.163803 0.052592000000000014 -0.06129199999999999 1.0440010000000002
20.9 0.08330599999999999 -0.16364 0.05492599999999999 -0.060716 1.05251
21.0 0.08224100000000001 -0.16347699999999998 0.057259000000000004 -0.06014 1.060656
21.1 0.081171 -0.163224 0.059550000000000006 -0.059627 1.0687639999999998
21.2 0.08009400000000001 -0.16285699999999997 0.06178900000000001 -0.059195 1.076873
21.3 0.07901699999999999 -0.16249000000000002 0.064028 -0.058761999999999995 1.084982
21.4 0.077934 -0.16203499999999998 0.06622499999999999 -0.05839000000000001 1.09309
21.5 0.07684400000000001 -0.16146500000000003 0.068368 -0.058099 1.1011989999999998
21.6 0.07575500000000002 -0.16089399999999998 0.07051100000000002 -0.05780900000000001 1.108972
21.7 0.07465999999999999 -0.160239 0.07261500000000001 -0.057578000000000004 1.116685
21.8 0.07355699999999998 -0.159465 0.074663 -0.05743100000000001 1.124398
21.9 0.07245399999999999 -0.15869100000000003 0.076711 -0.057283 1.132111
22.0 0.071345 -0.157859 0.07870800000000001 -0.057152999999999995 1.139824
22.1 0.070225 -0.15694000000000002 0.080631 -0.05704600000000001 1.147537
22.2 0.069106 -0.156021 0.082554 -0.056939000000000003 1.15506
22.3 0.06797700000000001 -0.15508299999999997 0.08441 -0.056784 1.162533
22.4 0.06683399999999999 -0.154116 0.086159 -0.056553000000000006 1.1700059999999999
22.5 0.06569 -0.153147 0.087908 -0.05632200000000001 1.177479
22.6 0.06453799999999998 -0.152163 0.089592 -0.05604200000000001 1.1849509999999999
22.7 0.06337 -0.151148 0.091167 -0.055684 1.192425
22.8 0.06220199999999999 -0.15013300000000002 0.092741 -0.055325 1.1997779999999998
22.9 0.061026999999999984 -0.149101 0.09425200000000002 -0.05492000000000001 1.207087
23.0 0.059834999999999985 -0.148039 0.09565200000000001 -0.054432999999999995 1.214394
23.1 0.05864299999999999 -0.146977 0.09705200000000001 -0.05394600000000001 1.2217030000000002
23.2 0.05744300000000001 -0.145898 0.09839200000000001 -0.05341599999999999 1.229012
23.3 0.056228 -0.144788 0.09961699999999998 -0.05280099999999999 1.236321
23.4 0.05501199999999999 -0.143679 0.100842 -0.052187 1.24352
23.5 0.053789000000000003 -0.142554 0.10201000000000002 -0.051530999999999993 1.250664
23.6 0.052548999999999985 -0.141397 0.10306000000000001 -0.050789 1.2578079999999998
23.7 0.05130900000000002 -0.14024 0.10411100000000001 -0.05004600000000001 1.264952
23.8 0.050061999999999995 -0.139069 0.105107 -0.049265 1.272096
23.9 0.04879800000000001 -0.13786500000000002 0.105983 -0.048394999999999994 1.2792400000000002
24.0 0.047534999999999994 -0.136661 0.10685900000000001 -0.04752500000000001 1.2862840000000002
24.1 0.046264 -0.135443 0.107683 -0.04661799999999999 1.293264
24.2 0.044976000000000016 -0.134192 0.10838400000000001 -0.04562100000000002 1.3002440000000002
24.3 0.043689000000000006 -0.132941 0.109086 -0.044622999999999996 1.307224
24.4 0.042394000000000015 -0.131676 0.109737 -0.04359000000000002 1.314203
24.5 0.04108199999999998 -0.13037800000000002 0.110264 -0.042464 1.321184
24.6 0.039771 -0.129079 0.11079000000000001 -0.041340000000000016 1.3280729999999998
24.7 0.03845299999999999 -0.12776800000000002 0.11127000000000001 -0.040179999999999993 1.334889
24.8 0.03711699999999998 -0.126423 0.111622 -0.03892699999999999 1.341705
24.9 0.03578099999999998 -0.125077 0.111974 -0.03767400000000001 1.3485200000000002
25.0 0.034439 -0.12372 0.11228199999999999 -0.03638999999999998 1.355335
25.1 0.033079 -0.122326 0.112459 -0.03501000000000001 1.362151
25.2 0.031719 -0.120934 0.112636 -0.03362899999999999 1.368887
25.3 0.030353999999999992 -0.11953 0.112773 -0.032219 1.3755380000000001
25.4 0.028969999999999996 -0.11809 0.112775 -0.030711000000000016 1.382189
25.5 0.027585 -0.11665 0.112778 -0.029202000000000006 1.38884
25.6 0.026196000000000025 -0.115199 0.112741 -0.027665999999999996 1.3954909999999998
25.7 0.024789000000000005 -0.11371200000000001 0.11257 -0.026029999999999998 1.4021430000000001
25.8 0.023380000000000012 -0.112224 0.112398 -0.024394 1.4086979999999998
25.9 0.02196999999999999 -0.110729 0.112192 -0.02274900000000002 1.415122
26.0 0.020550000000000013 -0.109204 0.11185899999999999 -0.021068000000000003 1.4215449999999998
26.1 0.01913200000000001 -0.10768 0.111524 -0.01938799999999999 1.4279700000000002
26.2 0.017717999999999984 -0.106157 0.11116800000000002 -0.017761 1.4343929999999998
26.3 0.016336000000000017 -0.104636 0.11072200000000001 -0.016362000000000015 1.4408180000000002
26.4 0.014954999999999996 -0.10311500000000001 0.11027500000000001 -0.014962000000000003 1.447065
26.5 0.013580999999999982 -0.10159599999999999 0.10980800000000002 -0.013619999999999993 1.453005
26.6 0.012241000000000002 -0.100083 0.109254 -0.012540999999999997 1.458946
26.7 0.010901999999999995 -0.09857199999999999 0.10870099999999999 -0.011460999999999999 1.4648860000000001
26.8 0.009571000000000024 -0.09706100000000001 0.10813 -0.010433999999999999 1.4708259999999997
26.9 0.008275999999999978 -0.095557 0.10746800000000001 -0.009674000000000016 1.4767649999999999
27.0 0.006979999999999986 -0.094053 0.10680799999999999 -0.008914000000000005 1.482551
27.1 0.005691000000000002 -0.09255 0.10613099999999999 -0.008201000000000014 1.4879790000000002
27.2 0.0044379999999999975 -0.091054 0.105363 -0.00776099999999999 1.4934059999999998
27.3 0.003186000000000022 -0.089559 0.10459500000000001 -0.007320999999999994 1.498835
27.4 0.0019399999999999973 -0.088065 0.10381299999999999 -0.0069240000000000135 1.504263
27.5 0.0007300000000000084 -0.086578 0.102938 -0.0068030000000000035 1.509691
27.6 -0.0004780000000000062 -0.085091 0.10206299999999999 -0.0066829999999999945 1.5149949999999999
27.7 -0.00168299999999999 -0.083604 0.10117500000000001 -0.006598999999999994 1.519911
27.8 -0.0028479999999999894 -0.082126 0.100194 -0.0067979999999999985 1.5248270000000002
27.9 -0.0040140000000000176 -0.080647 0.099211 -0.006998000000000004 1.529743
28.0 -0.005175999999999986 -0.079169 0.098219 -0.007230000000000014 1.534659
28.1 -0.006296999999999997 -0.07769899999999999 0.09713 -0.007749000000000006 1.5395749999999997
28.2 -0.007419999999999982 -0.076228 0.09604000000000001 -0.008267999999999998 1.544398
28.3 -0.008538999999999991 -0.07475899999999999 0.09494199999999998 -0.008813999999999989 1.5488019999999998
28.4 -0.009617999999999988 -0.073297 0.093746 -0.009653000000000023 1.5532059999999999
28.5 -0.010697999999999985 -0.071835 0.09255000000000001 -0.010492000000000001 1.5576090000000002
28.6 -0.011773000000000006 -0.070374 0.09134600000000001 -0.011353000000000002 1.5620130000000003
28.7 -0.012810000000000016 -0.06892 0.09004300000000001 -0.012511999999999995 1.566418
28.8 -0.013844999999999996 -0.067467 0.08874000000000001 -0.013669999999999988 1.57076
28.9 -0.014878999999999976 -0.066014 0.08743000000000001 -0.014846999999999999 1.574652
29.0 -0.015871999999999997 -0.064569 0.08602 -0.01632499999999998 1.578543
29.1 -0.01686499999999999 -0.063123 0.08460999999999999 -0.017802999999999986 1.582436
29.2 -0.01785500000000001 -0.061678 0.08319599999999999 -0.019293000000000005 1.586327
29.3 -0.018804000000000015 -0.060242000000000004 0.081678 -0.021091 1.5902190000000003
29.4 -0.019753999999999994 -0.058806 0.08016199999999998 -0.022889999999999994 1.5940800000000002
29.5 -0.020701999999999998 -0.057368 0.07864199999999999 -0.024694999999999995 1.5974600000000003
29.6 -0.02160899999999999 -0.055941000000000005 0.077018 -0.026812000000000002 1.6008400000000003
29.7 -0.022515000000000007 -0.054512000000000005 0.075394 -0.028929999999999984 1.6042200000000002
29.8 -0.023420999999999997 -0.05308399999999999 0.073769 -0.031050999999999995 1.6076000000000001
29.9 -0.024285 -0.051673000000000004 0.072045 -0.03345400000000001 1.61098
30.0 -0.025148000000000004 -0.050262 0.070321 -0.035857 1.61436
30.1 -0.02601299999999998 -0.048852 0.06859699999999999 -0.038261 1.617251
30.2 -0.026844000000000007 -0.047564999999999996 0.066863 -0.04055 1.620143
30.3 -0.027675000000000005 -0.046280999999999996 0.06512899999999999 -0.042838 1.6230339999999999
30.4 -0.028506000000000004 -0.04499500000000001 0.063395 -0.045126 1.6259259999999998
30.5 -0.029310000000000003 -0.043866999999999996 0.061680000000000006 -0.04717600000000001 1.6288179999999999
30.6 -0.030112 -0.042741999999999995 0.059963 -0.049221 1.6317080000000002
30.7 -0.030913999999999997 -0.041616 0.058247999999999994 -0.051266000000000006 1.6341649999999999
30.8 -0.031687999999999994 -0.040644999999999994 0.05655 -0.053077 1.636593
30.9 -0.03246200000000002 -0.039681 0.054852000000000005 -0.05487900000000001 1.6390209999999998
31.0 -0.03323499999999999 -0.038715999999999993 0.053155 -0.056680999999999995 1.641448
31.1 -0.03398000000000001 -0.03790199999999999 0.051474 -0.05825200000000001 1.6438760000000001
31.2 -0.03472499999999998 -0.037097000000000005 0.04979499999999999 -0.059811 1.6463039999999998
31.3 -0.035469 -0.036292000000000005 0.048116000000000006 -0.06136999999999998 1.6483239999999997
31.4 -0.036186000000000024 -0.035636 0.046452999999999994 -0.062702 1.6502880000000002
31.5 -0.03690099999999999 -0.034990999999999994 0.044792 -0.064018 1.6522519999999998
31.6 -0.03761600000000001 -0.034346 0.043132000000000004 -0.065334 1.654216
31.7 -0.038304000000000005 -0.033848 0.041486999999999996 -0.06642699999999999 1.6561799999999998
31.8 -0.03899 -0.03336299999999999 0.039845000000000005 -0.06749999999999999 1.658144
31.9 -0.03967699999999999 -0.032878000000000004 0.038201 -0.06857200000000001 1.659729
32.0 -0.04033500000000001 -0.03253800000000001 0.036574999999999996 -0.069427 1.661229
32.1 -0.040992 -0.032212000000000005 0.03495 -0.07025700000000001 1.6627290000000001
32.2 -0.04164899999999999 -0.031887 0.033325999999999995 -0.07108700000000001 1.6642290000000002
32.3 -0.042280999999999985 -0.031705 0.031717 -0.07170099999999999 1.6657289999999998
32.4 -0.042908 -0.031539 0.030110000000000005 -0.07228799999999999 1.66723
32.5 -0.04353599999999999 -0.031374 0.028503999999999998 -0.072874 1.668379
32.6 -0.04413800000000001 -0.031349 0.026913 -0.07324900000000001 1.6694149999999999
32.7 -0.044737 -0.031344 0.025326 -0.07359399999999999 1.6704519999999998
32.8 -0.045335000000000014 -0.03133899999999999 0.023738 -0.073937 1.6714890000000002
32.9 -0.045909000000000005 -0.031472 0.022165 -0.074072 1.6725249999999998
33.0 -0.04647799999999999 -0.031626 0.020595 -0.07417399999999999 1.6735609999999999
33.1 -0.047048000000000006 -0.031781000000000004 0.019024 -0.07427500000000001 1.6742750000000002
33.2 -0.047592999999999996 -0.032071 0.01747 -0.074171 1.674848
33.3 -0.04813299999999998 -0.03238600000000001 0.015918 -0.074029 1.67542
33.4 -0.048672999999999994 -0.032701999999999995 0.014366 -0.073887 1.675993
33.5 -0.04919000000000001 -0.033148 0.01283 -0.073544 1.676565
33.6 -0.049699999999999994 -0.033623 0.011296 -0.073159 1.677138
33.7 -0.05021199999999998 -0.03409799999999999 0.009762 -0.07277399999999999 1.677426
33.8 -0.050699999999999995 -0.034704 0.008244 -0.072191 1.677552
33.9 -0.051182000000000005 -0.035337999999999994 0.0067280000000000005 -0.07156399999999999 1.6776780000000002
34.0 -0.05166399999999999 -0.03597299999999999 0.005213999999999999 -0.070937 1.677804
34.1 -0.052124000000000004 -0.036678 0.0037339999999999995 -0.07017 1.6779289999999998
34.2 -0.05257700000000001 -0.037401000000000004 0.0022629999999999994 -0.06936800000000001 1.678055
34.3 -0.053030999999999995 -0.03812399999999999 0.0007930000000000003 -0.068566 1.6780119999999998
34.4 -0.05346200000000001 -0.03887099999999999 -0.0006259999999999981 -0.06767 1.677843
34.5 -0.05388799999999999 -0.03962700000000001 -0.0020320000000000026 -0.066747 1.677675
34.6 -0.054313 -0.040382 -0.003436999999999999 -0.065824 1.6775060000000002
34.7 -0.05471800000000002 -0.04116100000000002 -0.004792000000000001 -0.064808 1.6773379999999998
34.8 -0.055116 -0.041948999999999986 -0.0061319999999999986 -0.063764 1.6771690000000001
34.9 -0.05551300000000001 -0.042735999999999996 -0.0074719999999999995 -0.062721 1.6768679999999998
35.0 -0.055889999999999995 -0.043549000000000004 -0.008761999999999999 -0.061586 1.6764420000000002
35.1 -0.056260000000000004 -0.044369000000000006 -0.010036999999999997 -0.060422 1.6760169999999999
35.2 -0.05662900000000001 -0.045188000000000006 -0.011311000000000002 -0.059257000000000004 1.675592
35.3 -0.056978 -0.04603199999999999 -0.012537999999999997 -0.058003 1.6751669999999999
35.4 -0.05732000000000001 -0.04688500000000001 -0.013746000000000001 -0.056717000000000004 1.674741
35.5 -0.05766099999999999 -0.047737 -0.014956000000000004 -0.055431 1.674199
35.6 -0.057982000000000006 -0.04861300000000002 -0.016118 -0.054058999999999996 1.6735170000000001
35.7 -0.058296000000000014 -0.049496999999999985 -0.017262 -0.052652000000000004 1.672835
35.8 -0.058609999999999995 -0.050381999999999996 -0.018406000000000002 -0.051245 1.6721529999999998
35.9 -0.05890400000000001 -0.051289 -0.019503999999999997 -0.049753000000000006 1.6714700000000002
36.0 -0.05918999999999999 -0.05220599999999999 -0.020582000000000003 -0.048226 1.6707889999999999
36.1 -0.059475 -0.05312299999999999 -0.02166 -0.046699 1.670004
36.2 -0.05974199999999999 -0.05406200000000001 -0.022692999999999998 -0.045086999999999995 1.6690660000000002
36.3 -0.059999 -0.055011000000000004 -0.023707000000000002 -0.043438 1.668127
36.4 -0.060257000000000005 -0.05596100000000001 -0.024719999999999995 -0.04179 1.6671880000000001
36.5 -0.06049600000000002 -0.056933 -0.025689 -0.040059000000000004 1.6662489999999999
36.6 -0.06072499999999997 -0.05791399999999999 -0.026637 -0.03829 1.6653110000000002
36.7 -0.06095499999999998 -0.058895 -0.027584999999999995 -0.036521 1.664285
36.8 -0.061166000000000026 -0.05989800000000001 -0.02849 -0.03467100000000001 1.6630889999999998
36.9 -0.061368000000000006 -0.060912999999999995 -0.029372000000000002 -0.032780000000000004 1.6618929999999996
37.0 -0.061569999999999986 -0.061926999999999996 -0.030254999999999997 -0.030891 1.660698
37.1 -0.061753 -0.06296199999999999 -0.031094999999999998 -0.028922 1.659502
37.2 -0.06192700000000001 -0.064009 -0.031913 -0.02691 1.658305
37.3 -0.062100000000000016 -0.06505400000000001 -0.03273 -0.024898999999999998 1.657039
37.4 -0.062256000000000006 -0.066121 -0.033506 -0.022810999999999998 1.6555870000000001
37.5 -0.062401999999999985 -0.0672 -0.034258 -0.020679000000000003 1.654134
37.6 -0.06254799999999999 -0.06828 -0.035009000000000005 -0.018547 1.6526809999999998
37.7 -0.06267600000000001 -0.069378 -0.035720999999999996 -0.01634 1.6512279999999997
37.8 -0.06279400000000002 -0.07049 -0.036407999999999996 -0.014086000000000001 1.649775
37.9 -0.06291100000000002 -0.07160000000000001 -0.037094999999999996 -0.011834000000000004 1.648267
38.0 -0.06301600000000002 -0.07270900000000001 -0.037741000000000004 -0.009537999999999998 1.6465560000000001
38.1 -0.063111 -0.07381599999999999 -0.03836 -0.007214999999999999 1.644844
38.2 -0.06320700000000001 -0.074923 -0.03898 -0.0048909999999999995 1.6431319999999998
38.3 -0.063298 -0.075984 -0.039557 -0.002586999999999992 1.64142
38.4 -0.063385 -0.07701299999999998 -0.040105 -0.0002950000000000036 1.6397089999999999
38.5 -0.063472 -0.078042 -0.040653999999999996 0.0019959999999999978 1.637957
38.6 -0.063554 -0.079024 -0.04116199999999999 0.004268000000000008 1.635982
38.7 -0.06363200000000002 -0.07997199999999999 -0.04163900000000001 0.006524000000000002 1.6340059999999998
38.8 -0.06370999999999999 -0.08092 -0.042117 0.008779000000000009 1.632031
38.9 -0.063783 -0.08182299999999999 -0.042552999999999994 0.011014999999999997 1.630056
39.0 -0.063853 -0.08269000000000001 -0.042960000000000005 0.01323500000000001 1.6280800000000002
39.1 -0.063922 -0.083557 -0.043366 0.015455999999999998 1.626082
39.2 -0.06398700000000002 -0.08438100000000001 -0.04373300000000001 0.017657000000000006 1.623842
39.3 -0.06404900000000002 -0.085167 -0.044067999999999996 0.019840999999999998 1.6216029999999997
39.4 -0.064109 -0.085954 -0.044402 0.02202599999999999 1.619365
39.5 -0.064166 -0.08669800000000001 -0.044700000000000004 0.024192000000000005 1.617126
39.6 -0.064217 -0.08740400000000001 -0.044964000000000004 0.026341000000000003 1.6148869999999997
39.7 -0.06427 -0.088109 -0.045227 0.02849 1.6126399999999999
39.8 -0.06431699999999999 -0.08877399999999999 -0.045453999999999994 0.030620999999999995 1.6101369999999997
39.9 -0.064362 -0.08939899999999999 -0.04564699999999999 0.032735 1.6076350000000001
40.0 -0.06440500000000002 -0.090023 -0.045839000000000005 0.034848000000000004 1.6051320000000002
40.1 -0.064444 -0.090609 -0.045997 0.03694299999999999 1.6026300000000002
40.2 -0.06447900000000001 -0.091153 -0.046117000000000005 0.039021 1.600127
40.3 -0.06451399999999999 -0.091696 -0.046239 0.041099 1.597625
40.4 -0.06454600000000002 -0.09220099999999999 -0.046325 0.043160000000000004 1.594866
40.5 -0.06457099999999999 -0.092665 -0.046376 0.045201000000000005 1.5921010000000002
40.6 -0.06459700000000002 -0.093128 -0.046425999999999995 0.04724400000000001 1.589335
40.7 -0.06462000000000001 -0.093554 -0.046442000000000004 0.04926899999999999 1.5865680000000002
40.8 -0.064638 -0.09393599999999999 -0.046421 0.051276 1.583802
40.9 -0.06465599999999999 -0.09432 -0.046400000000000004 0.05328300000000001 1.581036
41.0 -0.064669 -0.094666 -0.04634699999999999 0.05527299999999999 1.578031
41.1 -0.06467800000000001 -0.09496700000000001 -0.046255 0.05724499999999999 1.575
41.2 -0.064687 -0.09526899999999999 -0.046162 0.05921599999999999 1.57197
41.3 -0.064692 -0.095535 -0.046039000000000004 0.061171 1.5689410000000001
41.4 -0.064692 -0.095757 -0.045875000000000006 0.06310600000000001 1.5659110000000003
41.5 -0.064694 -0.095977 -0.045711 0.065042 1.5628809999999997
41.6 -0.06469 -0.09616500000000001 -0.045518 0.06696200000000001 1.559636
41.7 -0.06468099999999999 -0.096304 -0.045283000000000004 0.068862 1.556351
41.8 -0.06467299999999998 -0.09644499999999999 -0.045048 0.07076099999999999 1.553068
41.9 -0.064662 -0.096557 -0.044789 0.072643 1.549783
42.0 -0.06464600000000001 -0.09663000000000001 -0.044493 0.07449599999999999 1.5464999999999998
42.1 -0.06462999999999999 -0.096702 -0.044197 0.07634999999999999 1.543215
42.2 -0.064614 -0.09677400000000001 -0.043898999999999994 0.07816400000000001 1.539964
42.3 -0.06459600000000001 -0.09684499999999999 -0.043594 0.079917 1.536721
42.4 -0.064578 -0.096915 -0.04329000000000001 0.081671 1.5334780000000001
42.5 -0.064559 -0.09698799999999999 -0.042984999999999995 0.08338400000000001 1.5302349999999998
42.6 -0.06454100000000002 -0.097066 -0.04268 0.08503000000000001 1.5269929999999998
42.7 -0.06452100000000002 -0.097144 -0.042375 0.086674 1.52375
42.8 -0.064502 -0.097225 -0.04206900000000001 0.08828 1.520642
42.9 -0.06448200000000001 -0.097311 -0.04176200000000001 0.089818 1.517584
43.0 -0.06446099999999999 -0.097397 -0.041456999999999994 0.09135499999999999 1.5145280000000003
43.1 -0.064441 -0.097486 -0.041150000000000006 0.09285400000000002 1.51147
43.2 -0.064419 -0.09757899999999999 -0.040842 0.09428300000000002 1.5084130000000002
43.3 -0.06439800000000001 -0.097673 -0.040535 0.09571199999999999 1.5053550000000002
43.4 -0.06437599999999999 -0.097769 -0.04022699999999999 0.09710499999999998 1.5024210000000002
43.5 -0.064353 -0.097871 -0.039920000000000004 0.09842599999999999 1.499549
43.6 -0.06433 -0.09797199999999999 -0.039611999999999994 0.09974599999999999 1.496677
43.7 -0.06430699999999998 -0.098076 -0.039304000000000006 0.101032 1.493806
43.8 -0.06428299999999998 -0.098186 -0.038994999999999995 0.102245 1.4909339999999998
43.9 -0.06425999999999998 -0.098295 -0.038685 0.10345800000000001 1.4880620000000002
44.0 -0.06423599999999999 -0.098406 -0.038376 0.104638 1.485303
44.1 -0.06421099999999999 -0.098524 -0.038067000000000004 0.105741 1.4826160000000002
44.2 -0.06418600000000002 -0.098641 -0.037757000000000006 0.10684600000000001 1.4799300000000002
44.3 -0.064161 -0.09876 -0.03744700000000001 0.10791899999999999 1.477243
44.4 -0.064134 -0.09888499999999999 -0.037136 0.108915 1.474557
44.5 -0.064108 -0.09901 -0.036826000000000005 0.10991100000000001 1.4718700000000002
44.6 -0.064082 -0.09913699999999999 -0.036515 0.11087799999999999 1.469285
44.7 -0.064053 -0.09927000000000001 -0.03620299999999999 0.111765 1.4667839999999999
44.8 -0.064026 -0.099403 -0.03589200000000001 0.11265299999999999 1.464282
44.9 -0.063998 -0.099537 -0.035579 0.11351300000000002 1.461782
45.0 -0.06397 -0.09967800000000002 -0.035268 0.114293 1.4592809999999998
45.1 -0.063941 -0.09981899999999999 -0.03495499999999999 0.115072 1.456779
45.2 -0.063913 -0.099961 -0.034643 0.11582600000000001 1.454369
45.3 -0.063882 -0.100109 -0.034329000000000005 0.116497 1.4520529999999998
45.4 -0.063853 -0.100258 -0.034016000000000005 0.117168 1.449737
45.5 -0.06382200000000002 -0.10040800000000001 -0.033701999999999996 0.11781499999999999 1.447421
45.6 -0.06379199999999999 -0.10056400000000001 -0.03338699999999999 0.11837900000000001 1.445106
45.7 -0.06376000000000001 -0.10072 -0.033073000000000005 0.118941 1.4427900000000002
45.8 -0.06372900000000001 -0.100878 -0.032759 0.119482 1.4405160000000001
45.9 -0.063697 -0.10104100000000002 -0.032445 0.119939 1.438298
46.0 -0.063664 -0.10120499999999999 -0.03213 0.12039499999999999 1.4360789999999999
46.1 -0.063633 -0.10136800000000001 -0.03181799999999999 0.120837 1.433862
46.2 -0.06359899999999999 -0.10153099999999998 -0.031518 0.12121900000000001 1.4316430000000002
46.3 -0.06356500000000001 -0.101693 -0.03121800000000001 0.12160099999999999 1.4294250000000002
46.4 -0.063531 -0.101854 -0.030920999999999997 0.12197100000000001 1.427111
46.5 -0.063496 -0.10201099999999999 -0.03064 0.12229000000000001 1.424632
46.6 -0.06345999999999999 -0.10217000000000001 -0.030359000000000004 0.122609 1.4221529999999998
46.7 -0.06342499999999998 -0.102326 -0.030081000000000004 0.12291800000000001 1.419674
46.8 -0.063388 -0.10247899999999999 -0.029819 0.12317399999999999 1.417195
46.9 -0.06335099999999999 -0.102632 -0.029557 0.123431 1.4147159999999999
47.0 -0.06331400000000001 -0.102785 -0.02929899999999999 0.123677 1.4121450000000002
47.1 -0.063275 -0.102933 -0.029056 0.123872 1.4093660000000001
47.2 -0.06323700000000002 -0.103081 -0.028813999999999992 0.124066 1.406586
47.3 -0.063198 -0.10322899999999999 -0.028575000000000003 0.12425100000000001 1.4038059999999999
47.4 -0.06315799999999999 -0.103373 -0.028352000000000002 0.124383 1.4010270000000002
47.5 -0.06311800000000001 -0.103517 -0.028128000000000007 0.12451300000000001 1.3982480000000002
47.6 -0.063078 -0.10365999999999999 -0.02790800000000001 0.12463800000000001 1.3953950000000002
47.7 -0.06303600000000001 -0.1038 -0.027705000000000007 0.12470700000000001 1.3923150000000002
47.8 -0.062995 -0.103939 -0.027502000000000006 0.12477500000000001 1.389235
47.9 -0.06295300000000001 -0.104077 -0.027299999999999998 0.124837 1.3861549999999998
48.0 -0.06290899999999999 -0.104212 -0.027114999999999993 0.124843 1.3830749999999998
48.1 -0.062866 -0.104346 -0.026932000000000005 0.124849 1.379995
48.2 -0.06282300000000002 -0.10448000000000002 -0.026748999999999995 0.12484899999999999 1.3768610000000001
48.3 -0.062779 -0.10460999999999998 -0.026583999999999997 0.12479299999999999 1.37348
48.4 -0.06273299999999998 -0.10474 -0.02642 0.124737 1.3700999999999999
48.5 -0.062688 -0.104869 -0.026257000000000003 0.124676 1.3667200000000002
48.6 -0.062643 -0.104995 -0.026111000000000002 0.12455700000000001 1.3633399999999998
48.7 -0.06259599999999998 -0.10511999999999999 -0.025966000000000003 0.124437 1.35996
48.8 -0.062549 -0.10524499999999998 -0.025820999999999997 0.12431499999999998 1.3565430000000003
48.9 -0.062502 -0.10536499999999999 -0.025694999999999996 0.124134 1.352862
49.0 -0.06245400000000001 -0.105486 -0.025570000000000002 0.12395199999999999 1.349181
49.1 -0.06240600000000002 -0.105606 -0.025444999999999995 0.123768 1.3455009999999998
49.2 -0.062355999999999995 -0.10572300000000001 -0.025338 0.123523 1.341821
49.3 -0.062307 -0.105838 -0.025231000000000003 0.12327900000000001 1.3381399999999999
49.4 -0.06225800000000001 -0.10595399999999999 -0.025124999999999995 0.123033 1.334441
49.5 -0.062205999999999984 -0.10606500000000002 -0.02503799999999999 0.12272600000000002 1.3304610000000001
49.6 -0.062155000000000016 -0.106178 -0.024950999999999994 0.12241999999999999 1.326479
49.7 -0.06210399999999999 -0.10628800000000001 -0.024864000000000004 0.122112 1.322499
49.8 -0.06205100000000002 -0.106395 -0.024796 0.12174299999999999 1.318517
49.9 -0.061999 -0.106502 -0.024728999999999994 0.121373 1.3145369999999998
50.0 -0.061947 -0.106609 -0.02466100000000001 0.12100399999999999 1.310555
