phase FPC1 FPC2 FPC3 FPC4 mean
-10.0 -0.0034219999999999945 0.624892 0.775276 -0.256266 0.367668
-9.9 -0.0035489999999999966 0.6199349999999999 0.77191 -0.25263 0.36041200000000007
-9.8 -0.0036759999999999987 0.614978 0.768544 -0.248994 0.353156
-9.7 -0.003803000000000001 0.610021 0.765179 -0.245359 0.3459
-9.6 -0.0038809999999999956 0.604537 0.7610129999999999 -0.241554 0.3386450000000001
-9.5 -0.003958000000000003 0.599046 0.756837 -0.237746 0.33138900000000004
-9.4 -0.004035999999999998 0.593555 0.75266 -0.233939 0.324133
-9.3 -0.004064999999999999 0.587546 0.7476959999999999 -0.22996299999999997 0.3171860000000001
-9.2 -0.004092999999999999 0.58152 0.7427090000000001 -0.225983 0.310261
-9.1 -0.004121 0.575496 0.7377210000000001 -0.22200399999999998 0.303335
-9.0 -0.004102000000000008 0.568961 0.731959 -0.21786 0.29640799999999995
-8.9 -0.00408 0.562402 0.726159 -0.213707 0.289482
-8.8 -0.004056999999999991 0.555842 0.72036 -0.20955400000000002 0.28255699999999995
-8.7 -0.0039889999999999926 0.548782 0.7138 -0.20524 0.27592
-8.6 -0.003917999999999991 0.541689 0.70719 -0.200915 0.269324
-8.5 -0.003846000000000002 0.534596 0.70058 -0.19659000000000001 0.26272700000000004
-8.4 -0.003730000000000011 0.527009 0.69322 -0.192106 0.25613100000000005
-8.3 -0.003609000000000001 0.519383 0.6858 -0.187609 0.249535
-8.2 -0.003488000000000005 0.511756 0.678379 -0.183111 0.24293900000000002
-8.1 -0.0033219999999999916 0.503643 0.67022 -0.178458 0.23661299999999996
-8.0 -0.003152000000000002 0.495482 0.661989 -0.173789 0.23034600000000005
-7.9 -0.0029810000000000114 0.487321 0.653756 -0.16911900000000002 0.22407900000000003
-7.8 -0.0027669999999999917 0.478683 0.644799 -0.164295 0.217812
-7.7 -0.0025469999999999937 0.46998799999999996 0.635756 -0.159453 0.211546
-7.6 -0.0023259999999999947 0.46129299999999995 0.6267130000000001 -0.154611 0.205279
-7.5 -0.0020630000000000023 0.452129 0.616958 -0.149618 0.19926299999999997
-7.4 -0.001794000000000004 0.4429 0.607104 -0.144604 0.193326
-7.3 -0.0015239999999999976 0.43367200000000006 0.5972500000000001 -0.13959 0.18738899999999997
-7.2 -0.0012119999999999978 0.423981 0.586695 -0.134427 0.18145300000000003
-7.1 -0.000892999999999998 0.414219 0.57603 -0.129239 0.175516
-7.0 -0.0005729999999999971 0.404456 0.565365 -0.124053 0.16958
-6.9 -0.0002129999999999979 0.39424000000000003 0.554012 -0.118721 0.163873
-6.8 0.00015600000000000336 0.38394399999999995 0.542536 -0.11336199999999999 0.15826500000000002
-6.7 0.0005250000000000046 0.37364600000000003 0.5310600000000001 -0.10800300000000002 0.152659
-6.6 0.0009340000000000043 0.36290500000000003 0.5189079999999999 -0.10250000000000001 0.14705100000000002
-6.5 0.001353 0.35207499999999997 0.506621 -0.096969 0.14144500000000002
-6.4 0.0017710000000000017 0.341244 0.494334 -0.09143699999999999 0.13583699999999999
-6.3 0.002230000000000003 0.329976 0.481383 -0.08576500000000001 0.13046000000000002
-6.2 0.002697999999999999 0.318612 0.468285 -0.080061 0.125214
-6.1 0.003165000000000001 0.307247 0.45518800000000004 -0.07435800000000001 0.11996699999999999
-6.0 0.0036479999999999985 0.295743 0.44176099999999996 -0.068685 0.11472100000000002
-5.9 0.004133999999999999 0.284205 0.42825599999999997 -0.06301999999999999 0.10947500000000002
-5.8 0.004620000000000006 0.272667 0.414749 -0.057354 0.10422899999999999
-5.7 0.005058 0.261708 0.401722 -0.052139 0.09935199999999997
-5.6 0.005482999999999995 0.25090500000000004 0.38882300000000003 -0.047044 0.094747
-5.5 0.005908999999999998 0.24010199999999998 0.37592400000000004 -0.041949 0.090141
-5.4 0.006283999999999998 0.229908 0.363539 -0.037319000000000005 0.085536
-5.3 0.006644999999999998 0.21989199999999998 0.351305 -0.032824000000000006 0.080931
-5.2 0.007004999999999997 0.209875 0.33907 -0.028329 0.076326
-5.1 0.007315999999999996 0.200456 0.327341 -0.02429 0.07208600000000001
-5.0 0.007611 0.191226 0.315771 -0.020397 0.068192
-4.9 0.007907 0.181997 0.304202 -0.016502 0.06429699999999999
-4.8 0.008153999999999998 0.173352 0.293127 -0.013054 0.06040200000000001
-4.7 0.008383999999999996 0.164909 0.282223 -0.009760999999999999 0.05650699999999999
-4.6 0.008614999999999998 0.156466 0.271318 -0.006467 0.052612000000000006
-4.5 0.008798000000000004 0.148596 0.260898 -0.0036109999999999996 0.049041000000000015
-4.4 0.008963999999999996 0.14094 0.250659 -0.0009170000000000003 0.04585499999999999
-4.3 0.009127999999999997 0.133285 0.240419 0.0017760000000000002 0.042671
-4.2 0.009248 0.12619 0.230654 0.0040409999999999995 0.03948600000000001
-4.1 0.009347999999999999 0.11932 0.22107900000000003 0.0061340000000000006 0.036301
-4.0 0.009448999999999999 0.112451 0.211505 0.008227 0.03311700000000001
-3.9 0.009502999999999998 0.106131 0.202395 0.009899999999999999 0.030212000000000003
-3.8 0.009538999999999999 0.100049 0.19348500000000002 0.011392 0.027738
-3.7 0.009574 0.093967 0.18457600000000002 0.012884999999999999 0.025263000000000008
-3.6 0.009565 0.088422 0.176121 0.013967 0.022789000000000004
-3.5 0.009536000000000001 0.083126 0.167876 0.014859 0.020314000000000013
-3.4 0.009505 0.07783000000000001 0.159631 0.015751 0.017839999999999995
-3.3 0.009433000000000002 0.07306 0.151831 0.016242 0.015601999999999998
-3.2 0.009337999999999999 0.068552 0.14425100000000002 0.016533000000000003 0.013837999999999996
-3.1 0.009244 0.064042 0.13667200000000002 0.016824000000000002 0.012075000000000002
-3.0 0.009106000000000001 0.060047 0.129525 0.016724000000000003 0.010311
-2.9 0.008947 0.056325 0.122611 0.016415 0.008548
-2.8 0.008787 0.052603 0.115696 0.016106000000000002 0.006783999999999998
-2.7 0.008586000000000002 0.049382 0.109206 0.015413999999999999 0.005213999999999996
-2.6 0.008359999999999998 0.046448 0.10295599999999999 0.014505 0.004161000000000005
-2.5 0.008136000000000001 0.043511999999999995 0.096706 0.013595000000000001 0.0031069999999999987
-2.4 0.007869999999999999 0.041067 0.09087 0.012312 0.0020540000000000003
-2.3 0.007580999999999999 0.038918 0.085285 0.010802 0.0009999999999999974
-2.2 0.007291 0.03677 0.079701 0.009291999999999998 -5.3999999999998494e-05
-2.1 0.006971000000000001 0.035049 0.074508 0.007479999999999999 -0.0009879999999999993
-2.0 0.0066300000000000005 0.033604 0.069571 0.0054730000000000004 -0.0014790000000000011
-1.9 0.006289 0.032159 0.064632 0.0034660000000000003 -0.0019699999999999995
-1.8 0.005973000000000001 0.030813 0.06000900000000001 0.0015609999999999999 -0.0024610000000000014
-1.7 0.005674 0.029533999999999998 0.055599 -0.00027199999999999967 -0.0029530000000000008
-1.6 0.005375 0.028254 0.05119 -0.0021060000000000002 -0.003443
-1.5 0.00511 0.027009 0.047074000000000005 -0.003762999999999999 -0.003896
-1.4 0.0048709999999999995 0.025788 0.043171 -0.0052899999999999996 -0.004129000000000001
-1.3 0.004631000000000001 0.024567 0.039269 -0.006816999999999999 -0.0043619999999999996
-1.2 0.004425 0.023379 0.03565 -0.008173 -0.004593999999999999
-1.1 0.004245 0.022216 0.032254 -0.009394 -0.004827
-1.0 0.004066 0.021054 0.028857 -0.010614 -0.005059999999999999
-0.9 0.0039180000000000005 0.019923 0.025737000000000003 -0.011666999999999999 -0.005269
-0.8 0.0037979999999999997 0.018819 0.022845 -0.012580999999999998 -0.005253
-0.7 0.003678 0.017715 0.019955 -0.013495 -0.005235999999999999
-0.6 0.003589 0.016641 0.017333 -0.014246000000000002 -0.005221
-0.5 0.003529 0.015595000000000001 0.014949 -0.014854 -0.005204
-0.4 0.0034690000000000003 0.01455 0.012563000000000001 -0.015462 -0.005187000000000001
-0.3 0.003439 0.013534000000000001 0.010440000000000001 -0.015910999999999998 -0.005162999999999999
-0.2 0.0034389999999999998 0.012546 0.00856 -0.016212 -0.0048980000000000004
-0.1 0.003437 0.011558 0.006682 -0.016513 -0.004633
0.0 0.0034660000000000003 0.0106 0.005057 -0.01666 -0.0043679999999999995
0.1 0.003526 0.00967 0.003684 -0.016654000000000002 -0.004103000000000001
0.2 0.003585 0.008741 0.0023109999999999997 -0.016648000000000003 -0.0038369999999999997
0.3 0.003672 0.007841 0.0011840000000000002 -0.016494 -0.0035720000000000005
0.4 0.003791 0.00697 0.0003159999999999999 -0.016182 -0.0030660000000000006
0.5 0.00391 0.006099 -0.0005499999999999997 -0.015870000000000002 -0.0025509999999999994
0.6 0.004057 0.005255 -0.0011780000000000002 -0.015413000000000001 -0.0020369999999999997
0.7 0.004235 0.004442 -0.0015389999999999996 -0.014794 -0.001522
0.8 0.004413 0.00363 -0.0019010000000000003 -0.014175 -0.0010079999999999993
0.9 0.004619 0.0028439999999999997 -0.0020300000000000006 -0.013417 -0.0004929999999999995
1.0 0.004857 0.0020889999999999997 -0.0018870000000000002 -0.012492 0.0002470000000000007
1.1 0.005095 0.0013350000000000002 -0.001742 -0.011566 0.0010100000000000005
1.2 0.00536 0.0006059999999999998 -0.001373 -0.010505 0.0017739999999999995
1.3 0.005657 -8.99999999999998e-05 -0.000722 -0.009273 0.0025369999999999993
1.4 0.005955 -0.0007860000000000002 -7.200000000000002e-05 -0.008041 0.0033009999999999984
1.5 0.006278 -0.001456999999999999 0.0007950000000000001 -0.006679000000000001 0.004063999999999998
1.6 0.006635 -0.0020949999999999996 0.001951 -0.005140999999999999 0.005033000000000001
1.7 0.006993 -0.002733000000000001 0.003108 -0.0036019999999999993 0.006038999999999999
1.8 0.007374 -0.0033439999999999998 0.004465 -0.0019400000000000008 0.007044000000000002
1.9 0.007790999999999999 -0.003919000000000001 0.006109 -0.00010199999999999966 0.008049
2.0 0.008207 -0.004494999999999999 0.0077529999999999995 0.0017360000000000014 0.009055
2.1 0.00864 -0.004993000000000001 0.009381 0.003615 0.010061
2.2 0.009097000000000001 -0.005378999999999998 0.010986 0.005559 0.011085999999999999
2.3 0.009555000000000001 -0.005764000000000002 0.01259 0.007501 0.012115999999999998
2.4 0.010024 -0.006053000000000003 0.014079 0.009446 0.013147000000000002
2.5 0.010513000000000002 -0.0061849999999999995 0.015383 0.011396 0.014178
2.6 0.011002000000000001 -0.006317 0.016687 0.013347 0.015209
2.7 0.011503000000000003 -0.006356999999999998 0.01788 0.015300000000000001 0.016238999999999996
2.8 0.012024 -0.0062369999999999995 0.018883999999999998 0.017258 0.017211000000000004
2.9 0.012544 -0.006117000000000001 0.019887 0.019216 0.018159999999999996
3.0 0.013075999999999997 -0.0059080000000000035 0.020785 0.021177 0.019110000000000002
3.1 0.013628 -0.005534999999999998 0.021488 0.023142999999999997 0.020059999999999995
3.2 0.014182 -0.005160999999999999 0.022191 0.025109 0.02101
3.3 0.014743999999999998 -0.004704 0.022793 0.027078 0.021959000000000006
3.4 0.015328 -0.004077999999999998 0.023195 0.029052 0.022855
3.5 0.015912999999999997 -0.0034529999999999977 0.023598 0.031025999999999998 0.023724000000000002
3.6 0.016507 -0.0027450000000000044 0.023904 0.033003 0.024593000000000004
3.7 0.017123 -0.0018670000000000006 0.024006 0.034984 0.025462
3.8 0.017738999999999998 -0.0009899999999999978 0.024108 0.036966 0.026331999999999994
3.9 0.018366 -3.299999999999831e-05 0.024118 0.03895 0.027201000000000003
4.0 0.019012 0.0010980000000000018 0.02392 0.040939 0.028020000000000003
4.1 0.019659999999999997 0.002229000000000002 0.023722 0.042929 0.028808
4.2 0.020318000000000003 0.0034329999999999986 0.023437 0.044921 0.029597
4.3 0.020997000000000002 0.004817000000000002 0.022938 0.046918 0.030384999999999995
4.4 0.021677000000000002 0.006199999999999997 0.022439 0.048916 0.031172000000000005
4.5 0.022365000000000003 0.007653000000000007 0.021856999999999998 0.050915 0.03196099999999999
4.6 0.023077 0.009289999999999993 0.021058 0.052920999999999996 0.032705
4.7 0.023788000000000004 0.010925999999999998 0.02026 0.054925999999999996 0.03341200000000001
4.8 0.024508 0.012628 0.019381999999999996 0.056933 0.03412
4.9 0.025249999999999998 0.01451799999999999 0.018283 0.058946 0.034825999999999996
5.0 0.025994 0.016407000000000005 0.017182999999999997 0.060959 0.03553400000000001
5.1 0.026745 0.018358000000000013 0.01601 0.062974 0.03624100000000001
5.2 0.027519000000000002 0.020500000000000004 0.014609 0.06499400000000001 0.036909
5.3 0.028294 0.02264200000000001 0.01321 0.06701599999999999 0.037536000000000014
5.4 0.029076 0.02484199999999999 0.01174 0.069038 0.038161999999999974
5.5 0.029882000000000002 0.027235999999999996 0.01004 0.07106699999999999 0.03878899999999999
5.6 0.03069 0.02963099999999999 0.00834 0.073096 0.03941600000000001
5.7 0.031502999999999996 0.03208 0.006574 0.075126 0.040042999999999995
5.8 0.032340999999999995 0.034726999999999994 0.004573999999999998 0.077163 0.040655
5.9 0.033179 0.037374000000000004 0.002572999999999999 0.07919899999999999 0.041246000000000005
6.0 0.034022 0.040033 0.0005760000000000001 0.08118800000000001 0.041839000000000015
6.1 0.034883000000000004 0.042737 -0.0014079999999999995 0.08299 0.042430999999999996
6.2 0.035745 0.045443 -0.003393 0.084792 0.04302399999999998
6.3 0.036609 0.04811299999999999 -0.005298999999999998 0.08649399999999999 0.04361599999999999
6.4 0.037481 0.050626000000000004 -0.0068610000000000025 0.08775000000000002 0.044265
6.5 0.038354000000000006 0.05314000000000001 -0.008422000000000002 0.08900700000000002 0.04501299999999997
6.6 0.039227 0.055619000000000016 -0.009911 0.09017000000000001 0.045760999999999996
6.7 0.040110999999999994 0.057939000000000004 -0.011047000000000001 0.09088099999999999 0.046508999999999995
6.8 0.040996000000000005 0.060259999999999994 -0.012183999999999997 0.09158999999999999 0.04725700000000002
6.9 0.041880999999999995 0.06255000000000001 -0.013255 0.092215 0.04800599999999999
7.0 0.042775999999999995 0.064677 -0.013965000000000002 0.092377 0.04880700000000002
7.1 0.043671 0.06680499999999999 -0.014677000000000003 0.09254100000000001 0.049731
7.2 0.044567999999999997 0.06890399999999999 -0.015328999999999995 0.09262600000000001 0.05065599999999998
7.3 0.04547400000000001 0.070838 -0.015615000000000004 0.092243 0.05158099999999999
7.4 0.046381000000000006 0.07277199999999999 -0.015901000000000002 0.09185800000000001 0.05250499999999997
7.5 0.047288 0.074681 -0.016134000000000003 0.09140599999999999 0.05343000000000003
7.6 0.048206000000000006 0.076422 -0.015996000000000003 0.090475 0.05439699999999997
7.7 0.049123 0.07816299999999998 -0.015857000000000003 0.089543 0.05549799999999999
7.8 0.050043 0.079883 -0.015672000000000002 0.088552 0.05659900000000001
7.9 0.050971 0.08142999999999999 -0.015108 0.08707299999999998 0.057699999999999974
8.0 0.0519 0.08297700000000001 -0.014544000000000001 0.085596 0.05880200000000002
8.1 0.05283000000000001 0.084506 -0.013939999999999998 0.08406499999999999 0.059902999999999984
8.2 0.053771 0.08586099999999999 -0.012952 0.08204099999999999 0.061035000000000006
8.3 0.054709999999999995 0.08721499999999999 -0.011963000000000001 0.080016 0.06231300000000001
8.4 0.05565200000000001 0.088554 -0.010939999999999998 0.07794599999999999 0.06359100000000001
8.5 0.056604 0.089715 -0.009525999999999998 0.07537399999999998 0.06486799999999998
8.6 0.057554999999999995 0.090876 -0.008111999999999998 0.07280299999999998 0.06614600000000004
8.7 0.058507 0.09202499999999998 -0.006671000000000002 0.07019499999999998 0.06742299999999996
8.8 0.059469999999999995 0.092994 -0.004832000000000001 0.067076 0.06872299999999998
8.9 0.060432999999999994 0.093962 -0.002994 0.06395700000000001 0.07017699999999999
9.0 0.061396 0.09492 -0.0011330000000000003 0.060811000000000004 0.07163199999999997
9.1 0.062369999999999995 0.09569499999999999 0.001131 0.057145 0.07308599999999998
9.2 0.06334500000000001 0.09647 0.0033940000000000003 0.053479 0.07454
9.3 0.064318 0.097238 0.005672999999999999 0.049793000000000004 0.07599300000000003
9.4 0.065304 0.09782 0.008362 0.04558100000000001 0.077459
9.5 0.066289 0.098402 0.011051 0.04136799999999999 0.07909
9.6 0.067275 0.09897999999999998 0.013749 0.03714500000000001 0.08072099999999999
9.7 0.068272 0.09936899999999999 0.016862 0.032383999999999996 0.08235100000000001
9.8 0.069268 0.09975699999999998 0.019977 0.02762400000000001 0.083982
9.9 0.07026400000000001 0.10014499999999998 0.023092 0.022862999999999994 0.08561300000000005
10.0 0.071255 0.10034600000000002 0.026495 0.017763 0.08724399999999999
10.1 0.072245 0.10054700000000001 0.029899000000000002 0.01266299999999998 0.08943399999999996
10.2 0.073235 0.100748 0.033302 0.007562999999999986 0.09162500000000007
10.3 0.07416400000000001 0.10078100000000001 0.036571 0.0027700000000000224 0.09381599999999995
10.4 0.075091 0.100812 0.039838 -0.002019999999999994 0.09600699999999995
10.5 0.076018 0.10084299999999999 0.043106 -0.0068100000000000105 0.09819700000000003
10.6 0.07688 0.10070899999999999 0.046204999999999996 -0.011244000000000004 0.10038800000000003
10.7 0.07774 0.100572 0.049300000000000004 -0.015669000000000016 0.10346400000000006
10.8 0.078601 0.10043399999999998 0.052395000000000004 -0.020094 0.10659700000000005
10.9 0.07939500000000001 0.10013399999999999 0.055325000000000006 -0.024168999999999996 0.10973100000000002
11.0 0.080188 0.09982799999999999 0.058249 -0.028229000000000004 0.11286500000000005
11.1 0.08098100000000001 0.09952199999999999 0.061172000000000004 -0.03228900000000001 0.11599800000000005
11.2 0.08170999999999999 0.099056 0.063932 -0.03600399999999998 0.11913099999999999
11.3 0.08243500000000001 0.098581 0.066683 -0.039698999999999984 0.12309300000000001
11.4 0.08316000000000001 0.098106 0.069434 -0.04339499999999999 0.12716899999999998
11.5 0.08382300000000001 0.09747399999999999 0.07202499999999999 -0.04675099999999999 0.13124499999999995
11.6 0.084481 0.09683099999999999 0.074604 -0.05008099999999999 0.1353209999999999
11.7 0.08514 0.096188 0.077183 -0.05341199999999999 0.1393970000000001
11.8 0.08573599999999999 0.09538900000000002 0.079604 -0.056408000000000014 0.14347200000000004
11.9 0.08632600000000001 0.094578 0.082011 -0.05937299999999998 0.14831899999999998
12.0 0.086917 0.09376599999999999 0.084417 -0.062339000000000006 0.15333800000000009
12.1 0.087448 0.092802 0.086669 -0.06497700000000001 0.15835699999999997
12.2 0.087971 0.09182099999999999 0.088904 -0.067577 0.16337499999999994
12.3 0.088494 0.09084 0.091139 -0.07017800000000002 0.16839400000000004
12.4 0.08895800000000001 0.08971100000000001 0.093222 -0.07245599999999999 0.17341099999999998
12.5 0.08941299999999999 0.088561 0.09528299999999999 -0.07469099999999998 0.179145
12.6 0.08986899999999999 0.08741199999999999 0.097346 -0.076927 0.18510500000000008
12.7 0.09026600000000001 0.086116 0.09925900000000001 -0.078845 0.191067
12.8 0.09065399999999998 0.08479700000000001 0.10115000000000002 -0.08071600000000001 0.19702700000000006
12.9 0.09104400000000001 0.083479 0.10304 -0.08258700000000001 0.20298799999999995
13.0 0.09137400000000001 0.082017 0.104783 -0.084146 0.20894999999999997
13.1 0.09169600000000001 0.08053099999999999 0.10650200000000001 -0.08565199999999999 0.2155680000000001
13.2 0.09201700000000002 0.079044 0.10822 -0.087158 0.22247099999999997
13.3 0.092281 0.07741599999999998 0.109793 -0.088358 0.229375
13.4 0.092535 0.07576 0.11134 -0.08949900000000001 0.236278
13.5 0.09278899999999998 0.074106 0.112886 -0.09064 0.24318300000000004
13.6 0.09298800000000002 0.07231100000000001 0.114291 -0.091481 0.25008600000000003
13.7 0.09317399999999999 0.070487 0.11566500000000002 -0.09225699999999999 0.25754600000000005
13.8 0.09336 0.068664 0.117039 -0.09303299999999999 0.265324
13.9 0.093491 0.066719 0.118285 -0.09351799999999999 0.273103
14.0 0.093608 0.064745 0.11950199999999998 -0.093932 0.28088100000000005
14.1 0.09372599999999999 0.06276999999999999 0.120718 -0.094347 0.288659
14.2 0.09377900000000002 0.060807 0.12190699999999999 -0.09450099999999999 0.296438
14.3 0.093815 0.05884500000000001 0.123091 -0.09458699999999999 0.30436399999999997
14.4 0.09384999999999999 0.05688400000000002 0.124273 -0.09467199999999999 0.31240099999999993
14.5 0.09381999999999999 0.054963999999999985 0.125454 -0.09450700000000001 0.3204370000000001
14.6 0.09377 0.05305499999999999 0.126634 -0.094272 0.328473
14.7 0.09372099999999998 0.051148 0.127814 -0.094037 0.33651
14.8 0.093607 0.04927999999999999 0.12899300000000002 -0.09355599999999999 0.344546
14.9 0.09347300000000001 0.047424999999999995 0.13017 -0.092999 0.352638
15.0 0.093339 0.04557 0.131348 -0.09244200000000001 0.36077900000000007
15.1 0.09314099999999999 0.043755000000000016 0.132524 -0.091645 0.36892199999999997
15.2 0.09292199999999999 0.04195300000000002 0.133699 -0.09076700000000001 0.377065
15.3 0.09270199999999999 0.04015099999999999 0.134876 -0.08988900000000001 0.3852080000000001
15.4 0.092421 0.03839000000000001 0.136049 -0.088775 0.393351
15.5 0.09211600000000002 0.03664100000000001 0.137222 -0.087576 0.40154200000000007
15.6 0.09181099999999999 0.034892000000000006 0.138395 -0.08637699999999998 0.4097909999999999
15.7 0.09144599999999999 0.03318199999999999 0.13956600000000002 -0.08494700000000001 0.418041
15.8 0.091056 0.031485999999999986 0.140737 -0.083426 0.42629000000000006
15.9 0.09066699999999998 0.029791999999999985 0.14190799999999998 -0.081906 0.4345390000000001
16.0 0.09021799999999999 0.028133999999999992 0.143077 -0.080159 0.44278799999999996
16.1 0.08974400000000002 0.026491999999999988 0.144245 -0.078318 0.45108000000000004
16.2 0.089269 0.024850999999999984 0.14541300000000001 -0.076476 0.45943500000000004
16.3 0.088737 0.023244999999999988 0.14658 -0.074412 0.46779100000000007
16.4 0.08817699999999999 0.02165600000000001 0.14774600000000002 -0.072249 0.47614600000000007
16.5 0.08761799999999999 0.020067 0.148912 -0.07008700000000001 0.484503
16.6 0.08700000000000001 0.018515000000000004 0.15007700000000002 -0.067707 0.492858
16.7 0.08635599999999999 0.016978999999999994 0.15123899999999998 -0.065222 0.5012500000000001
16.8 0.085711 0.015444000000000013 0.152403 -0.06273799999999999 0.509711
16.9 0.085011 0.013942999999999983 0.153565 -0.060043000000000006 0.518173
17.0 0.08428100000000001 0.012462 0.154726 -0.057237 0.5266359999999999
17.1 0.083552 0.010978999999999989 0.155887 -0.054431 0.535098
17.2 0.08276800000000001 0.009531000000000012 0.15704800000000002 -0.051419 0.5435599999999999
17.3 0.081952 0.008102999999999999 0.158206 -0.048293 0.5520519999999999
17.4 0.08113799999999999 0.006674000000000013 0.15936499999999998 -0.045165000000000004 0.560621
17.5 0.08027000000000001 0.005279000000000006 0.160522 -0.041837 0.569189
17.6 0.07937000000000001 0.0039020000000000166 0.16167900000000002 -0.038389 0.5777580000000001
17.7 0.07847 0.0025270000000000015 0.16283499999999998 -0.034941 0.586326
17.8 0.07752 0.0011839999999999906 0.163987 -0.0313 0.594895
17.9 0.076536 -0.00013799999999999923 0.165137 -0.027538 0.60345
18.0 0.07555300000000001 -0.0014610000000000178 0.166288 -0.023776 0.6119519999999999
18.1 0.07455600000000001 -0.0027510000000000034 0.167306 -0.020048999999999997 0.620454
18.2 0.07354999999999999 -0.004017999999999994 0.16823599999999997 -0.016347 0.628957
18.3 0.072545 -0.005285999999999985 0.16916599999999998 -0.012646000000000001 0.637459
18.4 0.07154900000000002 -0.006522 0.16989 -0.009115000000000002 0.645962
18.5 0.07055999999999998 -0.007734999999999992 0.170468 -0.005707000000000004 0.654401
18.6 0.069571 -0.008948000000000012 0.171045 -0.0022989999999999955 0.6624829999999999
18.7 0.068591 -0.010128999999999999 0.17142199999999996 0.0009429999999999994 0.6705650000000001
18.8 0.067619 -0.01128599999999999 0.17164599999999997 0.004057999999999999 0.678647
18.9 0.066647 -0.012442999999999982 0.17187000000000002 0.007172999999999999 0.6867290000000001
19.0 0.06568399999999999 -0.013570000000000013 0.1719 0.010125999999999996 0.694811
19.1 0.06472699999999999 -0.014672999999999992 0.17177200000000004 0.012946999999999993 0.702853
19.2 0.063771 -0.015774999999999997 0.171644 0.015769000000000005 0.7105030000000001
19.3 0.062824 -0.016848000000000002 0.171327 0.018434000000000006 0.718155
19.4 0.061884999999999996 -0.017895999999999995 0.170845 0.02096200000000001 0.7258050000000001
19.5 0.060944999999999985 -0.018942000000000014 0.170365 0.023489999999999997 0.7334550000000001
19.6 0.060014 -0.019960000000000006 0.169699 0.025865 0.741105
19.7 0.05909099999999999 -0.020952000000000012 0.16886600000000002 0.028101 0.7487429999999999
19.8 0.058168 -0.02194500000000002 0.168033 0.030337000000000003 0.7559619999999999
19.9 0.05725300000000001 -0.022907999999999998 0.16701999999999997 0.032422999999999993 0.7631800000000001
20.0 0.05634700000000001 -0.023844000000000018 0.16583400000000004 0.03436399999999999 0.7703990000000001
20.1 0.05543999999999999 -0.024782 0.164647 0.036307000000000006 0.777618
20.2 0.05454199999999999 -0.02569099999999999 0.163288 0.038104 0.784837
20.3 0.053651000000000004 -0.026573 0.16174900000000003 0.039753 0.7920559999999999
20.4 0.052762 -0.027454000000000006 0.16021000000000002 0.04140099999999999 0.7988559999999999
20.5 0.05187899999999998 -0.028309 0.15850199999999998 0.04290899999999999 0.8056430000000001
20.6 0.051005999999999996 -0.029135999999999995 0.156611 0.044265 0.812431
20.7 0.05013200000000001 -0.029962000000000003 0.154719 0.045620999999999995 0.8192170000000001
20.8 0.049267000000000005 -0.030761999999999998 0.15266400000000002 0.04683999999999999 0.826005
20.9 0.04840999999999998 -0.03153299999999999 0.15042 0.047902 0.8327920000000001
21.0 0.04755300000000001 -0.032304 0.148175 0.04896400000000001 0.839187
21.1 0.046702999999999995 -0.033051 0.14577299999999999 0.049894999999999995 0.8455419999999999
21.2 0.045862000000000014 -0.03376699999999999 0.143176 0.050663 0.8518979999999999
21.3 0.04502199999999998 -0.034483 0.140579 0.051432000000000005 0.858254
21.4 0.044188000000000005 -0.03517500000000001 0.13783 0.05207399999999998 0.86461
21.5 0.043364000000000014 -0.035835000000000006 0.13487899999999997 0.05255000000000001 0.870965
21.6 0.04254000000000002 -0.036496 0.13193 0.05302599999999999 0.876957
21.7 0.04172299999999998 -0.037134 0.128833 0.05337899999999998 0.882883
21.8 0.04091499999999998 -0.037739 0.12553000000000003 0.053561 0.888809
21.9 0.04010799999999998 -0.038345000000000004 0.122228 0.053743999999999986 0.894736
22.0 0.039302000000000004 -0.03893 0.118826 0.05385000000000001 0.9006620000000001
22.1 0.03850100000000001 -0.03948599999999999 0.115276 0.053844 0.9065880000000001
22.2 0.03770000000000001 -0.04004100000000001 0.111727 0.053839 0.912235
22.3 0.03689600000000001 -0.040580000000000005 0.10814700000000001 0.05382600000000001 0.917807
22.4 0.03608499999999998 -0.041093 0.10451900000000001 0.05380199999999999 0.9233779999999999
22.5 0.035274 -0.041605 0.100891 0.05377799999999999 0.92895
22.6 0.03445899999999999 -0.042103 0.09723599999999999 0.05374999999999999 0.9345209999999999
22.7 0.033638 -0.042574 0.093534 0.05371000000000001 0.940093
22.8 0.032815999999999984 -0.04304600000000001 0.08983100000000001 0.053672 0.945433
22.9 0.03199199999999999 -0.043502 0.086102 0.05362799999999998 0.950686
23.0 0.031159999999999993 -0.043931 0.08232500000000001 0.05357500000000001 0.955939
23.1 0.030328999999999995 -0.044358999999999996 0.07854799999999999 0.053520999999999985 0.961192
23.2 0.029493999999999992 -0.044774 0.074746 0.05346300000000001 0.9664449999999999
23.3 0.028653000000000012 -0.04515999999999999 0.07089399999999998 0.053394 0.9716980000000001
23.4 0.027811000000000002 -0.045547000000000004 0.067042 0.05332600000000001 0.9767389999999999
23.5 0.02696699999999999 -0.045919999999999996 0.063166 0.05325200000000002 0.981673
23.6 0.026115 -0.046265 0.059240000000000015 0.05316799999999999 0.9866069999999999
23.7 0.025263000000000008 -0.04660999999999999 0.055314 0.053085999999999994 0.991542
23.8 0.024408999999999986 -0.046942 0.05136399999999999 0.052997000000000016 0.9964759999999999
23.9 0.023547000000000012 -0.047244999999999995 0.047364 0.0529 1.00141
24.0 0.022684999999999983 -0.047547 0.043363 0.05280099999999999 1.0061520000000002
24.1 0.021821000000000007 -0.047837000000000005 0.03934 0.052699000000000024 1.010767
24.2 0.020948999999999995 -0.048099 0.035264000000000004 0.05258499999999999 1.015383
24.3 0.02007700000000001 -0.048359 0.031188999999999995 0.05247199999999999 1.0199989999999999
24.4 0.019203000000000026 -0.048607 0.02709199999999999 0.052354999999999985 1.0246140000000001
24.5 0.018320999999999976 -0.048826999999999995 0.022942000000000004 0.052226999999999996 1.02923
24.6 0.017438999999999982 -0.049045 0.018792000000000003 0.052098000000000005 1.033672
24.7 0.016554999999999986 -0.049252 0.01462200000000001 0.05196700000000001 1.03797
24.8 0.01566199999999998 -0.049428999999999994 0.01039699999999999 0.05182400000000001 1.0422669999999998
24.9 0.014769999999999978 -0.049605 0.006172999999999998 0.051682000000000006 1.046564
25.0 0.013874999999999998 -0.049772 0.0019290000000000002 0.051533999999999996 1.0508609999999998
25.1 0.012973000000000012 -0.049906 -0.002370999999999998 0.051376000000000005 1.0551590000000002
25.2 0.012070999999999998 -0.050040999999999995 -0.006669999999999995 0.051219000000000015 1.059301
25.3 0.011166999999999982 -0.050165 -0.010986999999999997 0.05105699999999999 1.0632800000000002
25.4 0.010255000000000014 -0.050258000000000004 -0.015361 0.050883999999999985 1.067259
25.5 0.00934199999999999 -0.05035100000000001 -0.019734999999999996 0.05071299999999998 1.071237
25.6 0.008427000000000018 -0.050434 -0.024125999999999995 0.050537 1.075216
25.7 0.007505000000000012 -0.050484 -0.028575000000000003 0.050348000000000004 1.079195
25.8 0.0065820000000000045 -0.050535 -0.033023 0.05016100000000001 1.0830289999999998
25.9 0.005660999999999999 -0.050579 -0.03747400000000001 0.04996399999999998 1.086667
26.0 0.00473800000000002 -0.050597 -0.041932000000000004 0.049729999999999996 1.0903039999999997
26.1 0.003816000000000014 -0.050616 -0.046391 0.04949600000000001 1.0939420000000002
26.2 0.002900999999999987 -0.050637 -0.050803 0.04922900000000002 1.0975789999999996
26.3 0.0020190000000000208 -0.050666 -0.055015 0.04882399999999998 1.101218
26.4 0.0011380000000000001 -0.050695000000000004 -0.059228 0.04841899999999999 1.104697
26.5 0.00026399999999998647 -0.050727 -0.063392 0.047980999999999996 1.107901
26.6 -0.0005730000000000179 -0.050771 -0.06733 0.04738899999999999 1.111106
26.7 -0.0014100000000000223 -0.050816 -0.071266 0.04679900000000001 1.1143100000000001
26.8 -0.00223799999999999 -0.050862 -0.075159 0.046177000000000024 1.1175129999999998
26.9 -0.003029000000000004 -0.050922 -0.078822 0.045401 1.120717
27.0 -0.003821000000000019 -0.050981 -0.082483 0.044624 1.1237880000000002
27.1 -0.004604999999999998 -0.051042000000000004 -0.086104 0.04382 1.126548
27.2 -0.005351999999999996 -0.051115999999999995 -0.08949 0.04285800000000001 1.129308
27.3 -0.006096999999999991 -0.051191 -0.092876 0.04189499999999999 1.132069
27.4 -0.00683700000000001 -0.051267 -0.096226 0.040908 1.13483
27.5 -0.007537999999999989 -0.051357 -0.09933700000000001 0.03976000000000002 1.137591
27.6 -0.008237999999999995 -0.051447 -0.10244800000000001 0.03861200000000001 1.140243
27.7 -0.008934999999999998 -0.051538 -0.10552600000000001 0.037443000000000004 1.14256
27.8 -0.009589999999999987 -0.051643 -0.10836 0.036109 1.1448770000000001
27.9 -0.010245000000000004 -0.051747 -0.11119599999999999 0.034775 1.147194
28.0 -0.010895999999999989 -0.051853 -0.114003 0.03342200000000001 1.1495110000000002
28.1 -0.011505999999999988 -0.051974 -0.116562 0.03190299999999999 1.1518279999999999
28.2 -0.012115999999999988 -0.052093 -0.11912199999999999 0.030382999999999993 1.154064
28.3 -0.012722999999999984 -0.052213999999999997 -0.121657 0.028848000000000013 1.155938
28.4 -0.013286999999999993 -0.052349 -0.123941 0.027143 1.157811
28.5 -0.013852000000000003 -0.052483999999999996 -0.126226 0.025436999999999987 1.1596840000000002
28.6 -0.01441300000000001 -0.05262 -0.12849 0.023719000000000018 1.1615570000000002
28.7 -0.014934000000000003 -0.05277 -0.130498 0.021827999999999986 1.163431
28.8 -0.015452999999999995 -0.052919 -0.132506 0.01993700000000001 1.1652509999999998
28.9 -0.015969999999999984 -0.053071 -0.1345 0.018034999999999995 1.16668
29.0 -0.016444999999999987 -0.053236000000000006 -0.13623200000000002 0.015959 1.16811
29.1 -0.01691899999999999 -0.0534 -0.137965 0.013882000000000005 1.16954
29.2 -0.01739099999999999 -0.053565999999999996 -0.139686 0.011798000000000003 1.1709690000000001
29.3 -0.017820000000000003 -0.053746 -0.141144 0.009535999999999989 1.1723990000000002
29.4 -0.018248999999999987 -0.053926999999999996 -0.1426 0.007273000000000002 1.173801
29.5 -0.018677 -0.054107 -0.14405099999999998 0.0050060000000000104 1.1747880000000002
29.6 -0.019060999999999995 -0.054303000000000004 -0.145232 0.0025580000000000047 1.175774
29.7 -0.01944499999999999 -0.054497000000000004 -0.14641300000000002 0.00010999999999999899 1.1767600000000003
29.8 -0.019828000000000012 -0.05469299999999999 -0.147592 -0.002339999999999981 1.177747
29.9 -0.020169999999999993 -0.054908000000000005 -0.148502 -0.004947000000000007 1.1787330000000003
30.0 -0.02051 -0.055124000000000006 -0.149412 -0.007553999999999977 1.1797190000000002
30.1 -0.02085199999999998 -0.055339 -0.150321 -0.010161000000000003 1.180368
30.2 -0.021180000000000004 -0.05563 -0.151 -0.012608000000000008 1.181017
30.3 -0.021508 -0.055922999999999994 -0.151679 -0.015054000000000012 1.1816659999999999
30.4 -0.021835999999999994 -0.05621500000000001 -0.152357 -0.017499999999999988 1.1823149999999998
30.5 -0.022160999999999986 -0.05660199999999999 -0.152821 -0.019689000000000012 1.1829649999999998
30.6 -0.022486000000000006 -0.05699 -0.153282 -0.021873000000000004 1.183613
30.7 -0.022809999999999997 -0.057378 -0.153741 -0.024056000000000022 1.184047
30.8 -0.023132000000000014 -0.05785799999999999 -0.153991 -0.02598700000000001 1.184466
30.9 -0.023453 -0.058342 -0.154233 -0.027908000000000016 1.1848849999999997
31.0 -0.02377499999999999 -0.058825999999999996 -0.154474 -0.029828999999999994 1.185304
31.1 -0.024093000000000003 -0.059398999999999993 -0.154509 -0.031501000000000015 1.185723
31.2 -0.02441199999999999 -0.059979000000000005 -0.15453199999999997 -0.033158999999999994 1.1861429999999997
31.3 -0.024730000000000002 -0.06055800000000001 -0.154556 -0.03481799999999999 1.1863599999999999
31.4 -0.02504500000000001 -0.061225999999999996 -0.154376 -0.036230999999999985 1.186549
31.5 -0.025359999999999994 -0.061901 -0.15418 -0.03762700000000001 1.186737
31.6 -0.025675000000000003 -0.06257599999999999 -0.153985 -0.039023 1.1869269999999998
31.7 -0.02598600000000001 -0.063338 -0.153591 -0.04017799999999999 1.1871159999999998
31.8 -0.026296999999999987 -0.064108 -0.153177 -0.04131199999999999 1.187305
31.9 -0.026609999999999995 -0.064878 -0.152764 -0.04244400000000001 1.187306
32.0 -0.026917999999999997 -0.065735 -0.15215399999999998 -0.043342000000000006 1.1872660000000002
32.1 -0.027226 -0.06660100000000001 -0.15152300000000002 -0.044213 1.1872250000000002
32.2 -0.027534000000000003 -0.067466 -0.150892 -0.04508400000000001 1.1871840000000002
32.3 -0.027839000000000003 -0.068417 -0.15006599999999998 -0.045720999999999984 1.187144
32.4 -0.028144000000000002 -0.069378 -0.149217 -0.046329999999999996 1.187103
32.5 -0.028449000000000002 -0.07033999999999999 -0.148367 -0.04693800000000001 1.1868880000000002
32.6 -0.028751 -0.071385 -0.14732699999999999 -0.047317 1.1866169999999998
32.7 -0.029051999999999994 -0.072441 -0.146259 -0.047663 1.1863469999999998
32.8 -0.02935399999999999 -0.07349800000000001 -0.145191 -0.048008999999999996 1.1860760000000001
32.9 -0.02965200000000001 -0.07463700000000001 -0.143936 -0.048129000000000005 1.185806
33.0 -0.029949999999999977 -0.075789 -0.14265 -0.048213 1.1855349999999998
33.1 -0.030248999999999998 -0.07694100000000001 -0.141365 -0.04829700000000001 1.1851040000000002
33.2 -0.030544000000000016 -0.078174 -0.13989400000000002 -0.048159 1.1846039999999998
33.3 -0.030838999999999978 -0.07942300000000001 -0.13839100000000001 -0.04798 1.184103
33.4 -0.031132999999999994 -0.08067099999999999 -0.136886 -0.047800999999999996 1.183603
33.5 -0.03142600000000001 -0.081997 -0.13520100000000002 -0.047404 1.1831019999999999
33.6 -0.031715999999999994 -0.083341 -0.133479 -0.04696299999999999 1.182601
33.7 -0.03200799999999998 -0.084684 -0.131757 -0.04652099999999999 1.181962
33.8 -0.03229699999999999 -0.086105 -0.129857 -0.045867 1.181246
33.9 -0.032585 -0.08754399999999998 -0.127917 -0.045163999999999996 1.1805280000000002
34.0 -0.032872999999999986 -0.08898199999999999 -0.125977 -0.044461 1.179811
34.1 -0.03315699999999999 -0.090432 -0.12400799999999998 -0.043674 1.1790939999999999
34.2 -0.033440000000000025 -0.09188299999999999 -0.12203 -0.042867 1.178377
34.3 -0.033722 -0.093335 -0.12005199999999999 -0.042059 1.1776049999999998
34.4 -0.033999 -0.094746 -0.11815299999999998 -0.041264999999999996 1.1767919999999998
34.5 -0.034274 -0.09614700000000001 -0.11627700000000002 -0.040475 1.175979
34.6 -0.034548999999999996 -0.097548 -0.1144 -0.039685 1.1751660000000002
34.7 -0.03481900000000002 -0.09890900000000001 -0.112601 -0.038909 1.174354
34.8 -0.03508799999999998 -0.10025999999999999 -0.11082600000000001 -0.038136 1.173541
34.9 -0.035356 -0.101609 -0.10905100000000001 -0.037363999999999994 1.172694
35.0 -0.03561799999999998 -0.10292100000000001 -0.107351 -0.036605 1.171815
35.1 -0.035879999999999995 -0.10422100000000001 -0.105677 -0.035851999999999995 1.170936
35.2 -0.036140000000000005 -0.105519 -0.10400299999999998 -0.035097 1.1700579999999998
35.3 -0.03639600000000001 -0.10678099999999999 -0.102404 -0.034356000000000005 1.1691789999999997
35.4 -0.036650000000000016 -0.10803000000000001 -0.100831 -0.033618999999999996 1.1683000000000001
35.5 -0.03690299999999999 -0.109278 -0.09925800000000001 -0.032882 1.167391
35.6 -0.03715200000000002 -0.11049 -0.09775800000000001 -0.032159 1.1664470000000002
35.7 -0.037399000000000016 -0.11168699999999998 -0.09628700000000001 -0.031439 1.165502
35.8 -0.03764500000000001 -0.112885 -0.09481500000000001 -0.030721 1.1645579999999998
35.9 -0.037888000000000005 -0.114046 -0.093416 -0.030015 1.1636130000000002
36.0 -0.038126999999999994 -0.11519299999999999 -0.092045 -0.029314 1.162669
36.1 -0.03836599999999998 -0.11633999999999999 -0.09067499999999999 -0.028613 1.161698
36.2 -0.038600999999999996 -0.11745000000000001 -0.08937400000000001 -0.027925000000000002 1.1606880000000002
36.3 -0.038833000000000006 -0.118546 -0.088105 -0.027241 1.1596769999999998
36.4 -0.03906499999999999 -0.11964200000000001 -0.086836 -0.026557 1.1586660000000002
36.5 -0.03929300000000002 -0.120704 -0.08563599999999999 -0.025886999999999997 1.1576559999999998
36.6 -0.039517 -0.121749 -0.08446799999999999 -0.025221 1.1566460000000003
36.7 -0.039743 -0.122794 -0.0833 -0.024556 1.155613
36.8 -0.039963000000000026 -0.123805 -0.0822 -0.023901000000000002 1.1545359999999998
36.9 -0.040180999999999994 -0.1248 -0.081133 -0.023254 1.1534599999999997
37.0 -0.04039899999999999 -0.125794 -0.080067 -0.022607 1.152384
37.1 -0.04061200000000001 -0.12675599999999998 -0.079066 -0.021971 1.151307
37.2 -0.040823 -0.127699 -0.0781 -0.02134 1.1502299999999999
37.3 -0.041033000000000014 -0.128642 -0.07713500000000001 -0.02071 1.149136
37.4 -0.04124 -0.129553 -0.076234 -0.020092 1.147994
37.5 -0.04144299999999998 -0.130446 -0.075369 -0.019480000000000004 1.146851
37.6 -0.04164699999999999 -0.13133899999999998 -0.07450499999999999 -0.018868000000000003 1.1457089999999999
37.7 -0.04184600000000002 -0.1322 -0.07370299999999999 -0.01826699999999999 1.1445659999999998
37.8 -0.042041999999999996 -0.133042 -0.072941 -0.017672 1.143424
37.9 -0.042238 -0.133884 -0.07217799999999999 -0.017078000000000003 1.142275
38.0 -0.042430999999999996 -0.134688 -0.07145099999999999 -0.016486999999999995 1.1411010000000001
38.1 -0.04261999999999999 -0.13546799999999998 -0.070747 -0.015896999999999994 1.139927
38.2 -0.042810000000000015 -0.136249 -0.070043 -0.015306999999999994 1.1387529999999997
38.3 -0.042996000000000006 -0.13698 -0.069322 -0.014704999999999996 1.1375790000000001
38.4 -0.043181 -0.137677 -0.068591 -0.014093000000000008 1.136406
38.5 -0.04336499999999999 -0.138374 -0.06786099999999999 -0.013482000000000008 1.135237
38.6 -0.043546 -0.139022 -0.06711299999999999 -0.012856999999999993 1.134102
38.7 -0.043725000000000014 -0.13963399999999998 -0.06635100000000001 -0.012222999999999998 1.1329669999999998
38.8 -0.043904 -0.140247 -0.065591 -0.01158999999999999 1.1318320000000002
38.9 -0.04408000000000001 -0.140812 -0.064813 -0.010942000000000007 1.130697
39.0 -0.044253000000000015 -0.14134000000000002 -0.064022 -0.010285000000000002 1.1295620000000002
39.1 -0.04442700000000002 -0.141868 -0.06323100000000001 -0.009628999999999999 1.1284310000000002
39.2 -0.044598 -0.142351 -0.062423000000000006 -0.008958999999999995 1.1273360000000001
39.3 -0.044766 -0.142795 -0.061603000000000005 -0.008279999999999996 1.1262419999999997
39.4 -0.044934 -0.143239 -0.060782 -0.0076010000000000105 1.125148
39.5 -0.045099 -0.14363900000000002 -0.059945 -0.0069079999999999975 1.124054
39.6 -0.045260999999999996 -0.14399900000000002 -0.059093999999999994 -0.006205999999999989 1.1229609999999999
39.7 -0.04542499999999999 -0.14435800000000001 -0.058243 -0.005503999999999995 1.121867
39.8 -0.045583999999999986 -0.144675 -0.057377 -0.004789000000000002 1.1208139999999998
39.9 -0.045742000000000005 -0.14495 -0.056496000000000005 -0.004063999999999998 1.1197610000000002
40.0 -0.045898999999999995 -0.145225 -0.055615 -0.0033389999999999947 1.1187080000000003
40.1 -0.04605299999999998 -0.145459 -0.05472 -0.002603000000000008 1.1176560000000002
40.2 -0.046204999999999996 -0.14565 -0.05380800000000001 -0.0018559999999999965 1.116603
40.3 -0.04635700000000001 -0.145841 -0.052898 -0.0011069999999999969 1.11555
40.4 -0.04650700000000002 -0.14599099999999998 -0.051972 -0.0003489999999999882 1.1145359999999997
40.5 -0.046653 -0.146098 -0.051031999999999994 0.0004210000000000047 1.113525
40.6 -0.04679900000000001 -0.146205 -0.050091 0.0011919999999999986 1.1125129999999999
40.7 -0.046944000000000013 -0.14627300000000001 -0.04913599999999999 0.0019729999999999887 1.111501
40.8 -0.04708499999999999 -0.14629499999999998 -0.048165000000000006 0.0027660000000000046 1.110489
40.9 -0.04722599999999999 -0.146319 -0.04719400000000001 0.0035600000000000076 1.1094770000000003
41.0 -0.04736399999999999 -0.146303 -0.046209999999999994 0.004362999999999978 1.1085029999999998
41.1 -0.047500000000000014 -0.146241 -0.045209000000000006 0.00517999999999999 1.107531
41.2 -0.04763600000000001 -0.14618 -0.044208000000000004 0.005996000000000001 1.10656
41.3 -0.047769000000000006 -0.146081 -0.043195000000000004 0.006820999999999994 1.10559
41.4 -0.047899 -0.14593499999999998 -0.042163 0.007658999999999999 1.1046190000000002
41.5 -0.04803000000000002 -0.145789 -0.041133 0.008499000000000007 1.1036479999999997
41.6 -0.048158000000000006 -0.14560800000000002 -0.04009 0.009346999999999994 1.1027099999999999
41.7 -0.04828299999999999 -0.145377 -0.03902800000000001 0.010207999999999995 1.1017780000000001
41.8 -0.04840799999999998 -0.145147 -0.037966999999999994 0.011068999999999996 1.1008459999999998
41.9 -0.04853000000000002 -0.144891 -0.036896000000000005 0.011938000000000004 1.099914
42.0 -0.048651 -0.144597 -0.03581 0.012816999999999995 1.098982
42.1 -0.04876999999999998 -0.144304 -0.034722 0.013694999999999985 1.09805
42.2 -0.048888000000000015 -0.14402700000000002 -0.033632999999999996 0.01457 1.097092
42.3 -0.04900300000000002 -0.143775 -0.032540000000000006 0.015437000000000006 1.096128
42.4 -0.049116999999999994 -0.14352199999999998 -0.031447 0.016303999999999985 1.0951640000000002
42.5 -0.049231 -0.143292 -0.03035199999999999 0.017166000000000015 1.0941989999999997
42.6 -0.049340999999999996 -0.143098 -0.029255999999999997 0.018019000000000007 1.093235
42.7 -0.04945100000000002 -0.142903 -0.028158999999999997 0.018871 1.092271
42.8 -0.04956000000000002 -0.142729 -0.027061 0.019717999999999986 1.0912570000000001
42.9 -0.049666000000000016 -0.142593 -0.025960999999999998 0.02055499999999999 1.0902260000000001
43.0 -0.04977100000000001 -0.142455 -0.024861999999999995 0.021392999999999995 1.0891950000000001
43.1 -0.049875 -0.14233900000000002 -0.023760000000000003 0.02222400000000002 1.0881640000000001
43.2 -0.04997600000000002 -0.142259 -0.022655999999999996 0.02304600000000001 1.0871320000000002
43.3 -0.05007800000000001 -0.142181 -0.021553000000000003 0.023867 1.0861010000000002
43.4 -0.050177 -0.14212 -0.020448 0.024683999999999984 1.0850250000000001
43.5 -0.050273999999999985 -0.142098 -0.019341999999999998 0.025489999999999985 1.083926
43.6 -0.05037 -0.14207599999999998 -0.018234999999999994 0.026296999999999987 1.082827
43.7 -0.05046499999999998 -0.142073 -0.017127000000000003 0.027097999999999983 1.0817299999999999
43.8 -0.05055699999999999 -0.14210899999999999 -0.016017000000000003 0.027889999999999998 1.080631
43.9 -0.050649 -0.142145 -0.014906999999999997 0.028681000000000012 1.0795320000000002
44.0 -0.05074000000000001 -0.142198 -0.013795999999999996 0.029467999999999994 1.0783939999999999
44.1 -0.05082699999999998 -0.142292 -0.012683 0.030242999999999992 1.0772280000000003
44.2 -0.050914000000000015 -0.142386 -0.011569000000000003 0.03101899999999999 1.0760630000000002
44.3 -0.05100000000000002 -0.142495 -0.010454000000000005 0.031790999999999986 1.074897
44.4 -0.05108299999999999 -0.142647 -0.009337999999999999 0.032552 1.073732
44.5 -0.051165000000000016 -0.142797 -0.008221 0.03331200000000001 1.0725660000000001
44.6 -0.05124699999999999 -0.14296399999999998 -0.007102999999999998 0.03406799999999999 1.071364
44.7 -0.05132400000000001 -0.14317300000000002 -0.005982999999999995 0.03481400000000001 1.0701319999999999
44.8 -0.051401999999999975 -0.143382 -0.004862000000000005 0.03555900000000001 1.068899
44.9 -0.051479 -0.143605 -0.0037410000000000013 0.03630000000000003 1.067667
45.0 -0.05155199999999999 -0.143872 -0.0026179999999999953 0.03703000000000001 1.0664339999999999
45.1 -0.051626000000000005 -0.144138 -0.0014939999999999953 0.03775999999999999 1.065201
45.2 -0.051697999999999994 -0.144418 -0.00037000000000000227 0.03848700000000002 1.0639370000000001
45.3 -0.051766000000000006 -0.144742 0.0007580000000000017 0.03920199999999999 1.0626379999999997
45.4 -0.05183599999999999 -0.145066 0.0018840000000000037 0.03991599999999998 1.061337
45.5 -0.051903000000000005 -0.145403 0.003012000000000001 0.040626999999999996 1.0600380000000003
45.6 -0.051967999999999986 -0.145785 0.004143000000000001 0.041327 1.0587389999999999
45.7 -0.05203200000000002 -0.14616500000000002 0.005273 0.04202600000000001 1.0574390000000002
45.8 -0.052095 -0.146559 0.006404 0.04272200000000001 1.0560930000000002
45.9 -0.052154000000000006 -0.146994 0.007537000000000002 0.043403 1.054683
46.0 -0.05221299999999998 -0.147431 0.008668999999999996 0.04408299999999998 1.053273
46.1 -0.052271999999999985 -0.147867 0.009798000000000001 0.04474600000000001 1.051863
46.2 -0.05232300000000001 -0.148304 0.010911000000000004 0.04534300000000002 1.050453
46.3 -0.052373 -0.14874 0.012024 0.04593899999999998 1.0490430000000002
46.4 -0.052421999999999996 -0.149173 0.013131000000000004 0.046514 1.047528
46.5 -0.05246300000000001 -0.149588 0.014216 0.047000000000000014 1.0458299999999998
46.6 -0.052503999999999995 -0.150005 0.015300999999999995 0.047484 1.044134
46.7 -0.05254299999999998 -0.150416 0.01638 0.04795200000000002 1.0424360000000001
46.8 -0.05257500000000001 -0.150811 0.017437 0.04832499999999998 1.040739
46.9 -0.052605999999999986 -0.151206 0.018492999999999996 0.04869999999999999 1.0390409999999999
47.0 -0.052635000000000015 -0.151598 0.019545 0.04905799999999999 1.0372500000000002
47.1 -0.05265600000000001 -0.151972 0.020573 0.049322000000000005 1.035246
47.2 -0.052678 -0.152345 0.021601000000000002 0.04958599999999999 1.0332409999999999
47.3 -0.052696999999999994 -0.152717 0.022625 0.04983400000000002 1.0312359999999998
47.4 -0.052708000000000005 -0.15307 0.023624 0.049988000000000005 1.0292320000000001
47.5 -0.052719000000000016 -0.153424 0.024624999999999994 0.05014100000000002 1.027228
47.6 -0.052729 -0.153774 0.025620999999999998 0.05028100000000002 1.025149
47.7 -0.052731 -0.154106 0.026591999999999998 0.05032400000000001 1.0228380000000001
47.8 -0.052732 -0.154439 0.027562999999999997 0.05036600000000002 1.020526
47.9 -0.052733 -0.15476800000000002 0.028532000000000002 0.050397 1.018214
48.0 -0.05272299999999999 -0.15508 0.029475 0.050328999999999985 1.0159029999999998
48.1 -0.052714999999999984 -0.155391 0.030417999999999997 0.050261 1.0135910000000001
48.2 -0.052706 -0.155701 0.031359 0.05018199999999998 1.0112240000000001
48.3 -0.05268800000000001 -0.155991 0.032274 0.05000399999999999 1.008606
48.4 -0.052668999999999994 -0.156282 0.033188 0.04982599999999998 1.0059869999999997
48.5 -0.052649 -0.15657000000000001 0.034101000000000006 0.04963799999999999 1.0033680000000003
48.6 -0.052621 -0.15684 0.034987000000000004 0.049349000000000004 1.0007509999999997
48.7 -0.052592 -0.157109 0.035874 0.04905899999999999 0.9981320000000002
48.8 -0.052563 -0.157378 0.036759 0.048763999999999974 0.9954770000000002
48.9 -0.05252600000000002 -0.157627 0.037617 0.04836399999999999 0.99255
49.0 -0.052487000000000006 -0.15787600000000002 0.038474999999999995 0.047963000000000006 0.989625
49.1 -0.05244800000000002 -0.158123 0.039332000000000006 0.04755899999999999 0.9866999999999999
49.2 -0.052399 -0.15835100000000002 0.040162 0.047047000000000005 0.9837749999999998
49.3 -0.05235200000000001 -0.158579 0.040991 0.04653700000000002 0.9808489999999999
49.4 -0.05230299999999999 -0.158806 0.041821 0.04602300000000001 0.977905
49.5 -0.052244999999999986 -0.15901300000000002 0.04262300000000001 0.045402 0.9746730000000001
49.6 -0.05218600000000001 -0.159221 0.043424000000000004 0.04478099999999999 0.9714400000000001
49.7 -0.05212800000000001 -0.159427 0.044225 0.044157 0.968208
49.8 -0.05206000000000002 -0.159613 0.044998 0.04342599999999999 0.9649749999999999
49.9 -0.051992999999999984 -0.1598 0.045771000000000006 0.04269299999999998 0.9617439999999999
50.0 -0.051924 -0.159986 0.046544999999999996 0.041962 0.9585109999999997
